Data/yield_op.tif
NCOLS 166
NROWS 297
XLLCORNER 97.345192
YLLCORNER 5.6160421
DX 0.04996348
DY 0.049990468
NODATA_VALUE -9999
[rows 26 to 51 of 297, columns 0 to 59 of 166]
1248.9364 1239.909 1230.5506 1220.8359 1210.7367 1200.2221 1189.2578 1177.8062 1165.8264 1153.2741 1140.102 1126.2608 1111.7006 1096.3735 1080.2384 1063.2667 1045.453 1026.8287 1007.4818 987.58324 967.4184 947.42267 928.21303 910.60302 895.58207 884.23823 877.61311 876.503 881.25655 891.64432 906.86399 925.69111 946.72023 968.60845 990.24991 1010.855 1029.9488 1047.3206 1062.9568 1076.9771 1089.5831 1101.0227 1111.5688 1121.509 1131.1454 1140.8011 1150.8318 1161.638 1173.6718 1187.4251 1203.3755 1221.8544 1242.7914 1265.3195 1287.3386 1305.3643 1315.137 1313.1014 1297.9395 1270.9366
1247.5292 1238.3213 1228.7628 1218.8252 1208.4764 1197.681 1186.3988 1174.5855 1162.1916 1149.1622 1135.437 1120.9508 1105.634 1089.4147 1072.2224 1053.9939 1034.6834 1014.2775 992.81806 970.43447 947.38692 924.11938 901.3155 879.9414 861.24648 846.68452 837.72422 835.55554 840.76437 853.10493 871.49099 894.23072 919.40649 945.24322 970.34845 993.79521 1015.0866 1034.0618 1050.7914 1065.4884 1078.443 1089.9806 1100.4387 1110.1563 1119.4745 1128.7423 1138.3261 1148.6185 1160.0384 1173.0119 1187.9125 1204.9342 1223.8686 1243.788 1262.7352 1277.6738 1285.0243 1281.8067 1266.7786 1240.7185
1246.3826 1237.0137 1227.277 1217.1411 1206.5704 1195.5252 1183.9603 1171.8248 1159.0611 1145.6043 1131.3817 1116.312 1100.3057 1083.266 1065.0909 1045.6787 1024.9365 1002.7953 979.23508 954.32161 928.26127 901.47402 874.68102 848.9891 825.93306 807.41383 795.46624 791.83853 797.47886 812.14571 834.36781 861.81044 891.87215 922.23497 951.18272 977.66756 1001.2121 1021.7497 1039.4714 1054.7086 1067.855 1079.3202 1089.5067 1098.8014 1107.5762 1116.1952 1125.0224 1134.4271 1144.7786 1156.4218 1169.6156 1184.4178 1200.5039 1216.9377 1231.9855 1243.1522 1247.6234 1243.0683 1228.3821 1203.8557
1245.5093 1236.0012 1226.1107 1215.8041 1205.0431 1193.7841 1181.9775 1169.5668 1156.4873 1142.6653 1128.0165 1112.4451 1095.8428 1078.0885 1059.0493 1038.5835 1016.5479 992.81141 967.27927 939.93366 910.89721 880.52631 849.53519 819.13588 791.14704 767.97982 752.37877 746.84568 752.85401 770.20165 796.9098 829.78868 865.36073 900.66269 933.64419 963.18088 988.8748 1010.8055 1029.3203 1044.8901 1058.0212 1069.2096 1078.92 1087.5806 1095.5868 1103.3084 1111.0976 1119.2926 1128.2097 1138.1165 1149.1738 1161.3374 1174.221 1186.9447 1198.0439 1205.5521 1207.3386 1201.6315 1187.4546 1164.6999
1244.9197 1235.2957 1225.2781 1214.8312 1203.9146 1192.4818 1180.4797 1167.8475 1154.5148 1140.4006 1125.4113 1109.4388 1092.3589 1074.0292 1054.2889 1032.9592 1009.8487 984.76316 957.52871 928.03151 896.28715 862.55058 827.4766 792.32405 759.15524 730.90868 711.14797 703.31746 709.59535 729.86704 761.5191 800.29024 841.65488 881.9456 918.81324 951.13126 978.65123 1001.6466 1020.6465 1036.2694 1049.1337 1059.8157 1068.8345 1076.6512 1083.6752 1090.2741 1096.7822 1103.5053 1110.7132 1118.6148 1127.3069 1136.6956 1146.3966 1155.6416 1163.245 1167.6952 1167.3952 1160.9837 1147.5717 1126.7523
1244.6216 1234.9064 1224.7898 1214.235 1203.1999 1191.6364 1179.4892 1166.6942 1153.1774 1138.8529 1123.6204 1107.3633 1089.9455 1071.2087 1050.9704 1029.0224 1005.1326 979.05221 950.53441 919.37158 885.46525 848.94643 810.36591 770.9611 732.95847 699.76805 675.78836 665.51224 671.95664 695.14057 731.72529 776.23476 823.02125 867.74613 907.85442 942.30938 971.07162 994.63322 1013.705 1029.0415 1041.357 1051.2924 1059.4071 1066.1827 1072.0322 1077.3121 1082.3343 1087.3742 1092.6672 1098.3895 1104.616 1111.2586 1117.9932 1124.2016 1128.9632 1131.1313 1129.4946 1122.9655 1110.7011 1092.0814
1244.6199 1234.8389 1224.6524 1214.0231 1202.9084 1191.2593 1179.0195 1166.1238 1152.4965 1138.0494 1122.6791 1106.2647 1088.6639 1069.7099 1049.2077 1026.9308 1002.6211 975.99253 946.7451 914.59796 879.35599 841.03295 800.05963 757.59852 715.93944 678.825 651.35109 638.97472 645.53479 671.19475 711.90305 761.02057 811.90293 859.70683 901.81334 937.35512 966.52124 990.00303 1008.657 1023.3349 1034.8136 1043.7722 1050.7902 1056.354 1060.8665 1064.6624 1068.0252 1071.2011 1074.405 1077.808 1081.5064 1085.47 1089.4856 1093.1112 1095.6708 1096.3046 1094.0699 1088.0505 1077.4174 1061.4022
1244.9165 1235.0954 1224.8684 1214.1985 1203.0433 1191.3542 1179.0754 1166.1422 1152.4795 1137.9997 1122.6003 1106.1607 1088.5392 1069.5687 1049.0527 1026.7615 1002.4301 975.75968 946.42877 914.12144 878.58902 839.76975 798.00068 754.35471 711.09309 672.08831 642.82044 629.35501 636.08295 663.24864 706.26927 757.70101 810.29897 859.01899 901.33588 936.5836 965.13627 987.81108 1005.5347 1019.1924 1029.5744 1037.3633 1043.1338 1047.3572 1050.4097 1052.5892 1054.1392 1055.2753 1056.2023 1057.1145 1058.1711 1059.452 1060.9018 1062.2813 1063.1463 1062.8682 1060.6897 1055.7911 1047.3292 1034.4272
1245.5105 1235.6745 1225.436 1214.7587 1203.6015 1191.9174 1179.6521 1166.7434 1153.1191 1138.695 1123.3731 1107.0385 1089.5564 1070.768 1050.4875 1028.4974 1004.547 978.3535 949.61126 918.01797 883.33148 845.48229 804.7763 762.22423 719.99647 681.86976 653.26869 640.27213 647.30256 674.54273 717.23372 767.78394 818.97337 865.94314 906.39622 939.8386 966.72798 987.8917 1004.2243 1016.5645 1025.6589 1032.1543 1036.5936 1039.4106 1040.9325 1041.3974 1040.9901 1039.8863 1038.2885 1036.4404 1034.6102 1033.044 1031.8997 1031.1785 1030.6735 1029.954 1028.388 1025.1896 1019.4647 1010.235
1246.3978 1236.5714 1226.3491 1215.6964 1204.574 1192.9375 1180.7357 1167.9103 1154.3937 1140.1082 1124.9637 1108.8552 1091.6608 1073.2385 1053.4231 1032.0244 1008.8255 983.58596 956.0522 925.9827 893.20197 857.70387 819.83473 780.58731 742.0015 707.5495 682.14763 671.2325 678.65985 704.38909 743.9145 790.25591 836.89225 879.52109 916.16713 946.44395 970.7709 989.86099 1004.4718 1015.3166 1023.0428 1028.2246 1031.3459 1032.7776 1032.7671 1031.4586 1028.9466 1025.3484 1020.868 1015.8281 1010.6588 1005.8435 1001.829 998.91851 997.17222 996.34428 995.87655 994.94735 992.55096 987.57594
1247.5717 1237.7777 1227.5978 1216.9994 1205.9461 1194.3966 1182.304 1169.6151 1156.2689 1142.1961 1127.3171 1111.5408 1094.7626 1076.8633 1057.7071 1037.1415 1014.9985 991.09988 965.27 937.36234 907.31066 875.22116 841.52781 807.2297 774.19659 745.43158 725.00232 717.22233 724.9548 747.84405 781.98363 821.58163 861.31259 897.69438 929.13303 955.29658 976.47275 993.16537 1005.9149 1015.2478 1021.6702 1025.6542 1027.5999 1027.7839 1026.3301 1023.2356 1018.4562 1012.0224 1004.1408 995.24861 986.00613 977.22866 969.7607 964.30774 961.25985 960.5599 961.66618 963.62404 965.21345 965.1123
1249.0228 1239.2825 1229.1687 1218.6517 1207.6981 1196.2707 1184.3275 1171.8214 1158.6994 1144.9018 1130.3615 1115.0035 1098.7438 1081.4893 1063.1386 1043.5829 1022.7108 1000.4158 976.61192 951.2613 924.42132 896.32297 867.49219 838.91986 812.25664 789.93745 775.03051 770.5572 778.27452 797.52941 825.17421 856.83103 888.56337 917.8202 943.42302 965.08003 982.91028 997.16556 1008.13 1016.1132 1021.4586 1024.5207 1025.5928 1024.8153 1022.1216 1017.2816 1010.0427 1000.3109 988.29937 974.60367 960.19987 946.36184 934.48934 925.84837 921.26995 920.90581 924.14888 929.75978 936.13841 941.62038
1250.7396 1241.0718 1231.0454 1220.6335 1209.8063 1198.531 1186.7711 1174.4862 1161.6317 1148.1585 1134.0131 1119.1371 1103.4681 1086.9407 1069.4882 1051.0468 1031.5612 1010.9958 989.3509 966.68988 943.18058 919.15665 895.20266 872.25778 851.70946 835.40415 825.44923 823.68955 830.92791 846.30895 867.425 891.22145 915.07059 937.32109 957.21482 974.51579 989.18603 1001.2308 1010.6815 1017.6361 1022.2836 1024.8621 1025.5384 1024.2559 1020.6557 1014.1636 1004.2282 990.59156 973.48166 953.70313 932.64458 912.19809 894.54227 881.75041 875.28023 875.53192 881.70108 892.01805 904.24429 916.18069
1252.7089 1243.1301 1233.2092 1222.9224 1212.2438 1201.1451 1189.5955 1177.5615 1165.0071 1151.8939 1138.1814 1123.828 1108.792 1093.034 1076.5198 1059.2262 1041.148 1022.31 1002.7838 982.71133 962.33892 942.06016 922.46736 904.39978 888.96229 877.46491 871.22022 871.16998 877.43931 889.08788 904.33046 921.17877 938.07976 954.15537 969.03617 982.55769 994.55435 1004.8165 1013.1572 1019.5023 1023.9259 1026.5765 1027.4795 1026.2991 1022.2388 1014.2261 1001.3098 983.03641 959.66153 932.23524 902.6417 873.57133 848.28802 830.05286 821.25647 822.61434 832.90238 849.42337 868.91299 888.38441
1254.9157 1245.4398 1235.6395 1225.4941 1214.9818 1204.0786 1192.7593 1180.9974 1168.7649 1156.0335 1142.7751 1128.9631 1114.5743 1099.5919 1084.0093 1067.8362 1051.1069 1033.8909 1016.309 998.55204 980.90563 963.77638 947.71588 933.42982 921.75167 913.55239 909.56308 910.12624 914.97095 923.17875 933.45496 944.59853 955.86208 966.973 977.88074 988.47895 998.48701 1007.5096 1015.1876 1021.3367 1025.9855 1029.2471 1031.0069 1030.5608 1026.5074 1017.1107 1000.9317 977.30352 946.50057 909.79543 869.58396 829.51804 794.34102 769.07189 757.52787 760.84721 777.01615 801.788 830.32808 858.57178
1257.3445 1247.9826 1238.3147 1228.3233 1217.9901 1207.2958 1196.2204 1184.7434 1172.8447 1160.5048 1147.7064 1134.4357 1120.6847 1106.4547 1091.76 1076.6343 1061.138 1045.3686 1029.4723 1013.659 998.21736 983.52723 970.06475 958.38835 949.09312 942.71945 939.61496 939.78004 942.77531 947.79416 953.94024 960.58608 967.56469 975.04157 983.18053 991.87072 1000.6854 1009.0461 1016.4593 1022.6956 1027.8163 1031.9695 1034.9302 1035.5837 1031.8208 1021.1455 1001.5875 972.23527 933.29717 886.12123 833.49331 780.09983 732.60275 698.56212 683.96658 690.54385 714.92085 750.41004 789.92937 828.07937
1259.9787 1250.7394 1241.2127 1231.3842 1221.2389 1210.7616 1199.9372 1188.751 1177.1891 1165.2398 1152.8946 1140.1499 1127.0094 1113.487 1099.6113 1085.4304 1071.0186 1056.4846 1041.9797 1027.7078 1013.9322 1000.9791 989.23028 979.09941 970.98364 965.18716 961.82457 960.73561 961.46994 963.40655 966.01341 969.12405 973.01173 978.1419 984.75942 992.62639 1001.0811 1009.3276 1016.7553 1023.1364 1028.6186 1033.4342 1037.3043 1038.783 1035.1569 1023.263 1000.6234 965.99245 919.30471 861.68946 796.02363 727.90787 666.24506 621.99251 604.25629 615.59503 650.55951 698.97626 750.86448 799.38687
1262.8017 1253.6911 1244.3114 1234.651 1224.6983 1214.4417 1203.8703 1192.9741 1181.7448 1170.1768 1158.2685 1146.0237 1133.4539 1120.5813 1107.4418 1094.0899 1080.6031 1067.0878 1053.6849 1040.5741 1027.976 1016.1486 1005.374 995.93319 988.06367 981.90312 977.43045 974.43206 972.537 971.3614 970.74823 970.97434 972.70939 976.62847 982.90687 991.00196 999.87891 1008.466 1016.0415 1022.4048 1027.7968 1032.5325 1036.3372 1037.6463 1033.5025 1020.41 995.50237 957.08509 904.56361 838.51555 761.51283 679.69105 604.08373 549.46954 528.81059 545.78333 592.35716 654.17025 718.06948 775.93803
1265.7969 1256.8186 1247.589 1238.0991 1228.3401 1218.3037 1207.9825 1197.3706 1186.464 1175.2619 1163.7674 1151.9894 1139.944 1127.6573 1115.1675 1102.5286 1089.8135 1077.1172 1064.5597 1052.2869 1040.4683 1029.2898 1018.9393 1009.5825 1001.3305 994.20274 988.09873 982.80382 978.06296 973.74962 970.09988 967.86243 968.123 971.72101 978.61809 987.77621 997.64928 1006.8494 1014.5655 1020.6425 1025.3929 1029.175 1031.7558 1031.6875 1026.2057 1011.9285 985.84568 945.83719 890.69492 820.3114 736.69652 645.99826 560.572 498.21076 475.3565 496.94492 552.78316 624.858 697.38756 761.37551
1268.9482 1260.1036 1251.0247 1241.7048 1232.1375 1222.3174 1212.24 1201.9026 1191.3046 1180.4485 1169.3407 1157.993 1146.4235 1134.6588 1122.7359 1110.7035 1098.625 1086.5787 1074.6592 1062.9751 1051.6446 1040.7868 1030.5074 1020.8784 1011.9152 1003.5559 995.65623 988.0254 980.53075 973.29268 966.92551 962.64308 961.93921 965.77202 973.78889 984.3511 995.36154 1005.1479 1012.8593 1018.4024 1022.1333 1024.4122 1025.0615 1022.8875 1015.5948 1000.2614 974.05355 934.6818 880.55343 811.09634 727.84904 636.58765 549.66707 485.60024 462.13285 485.06739 543.74486 618.8176 693.4114 758.17363
1272.2399 1263.5284 1254.5986 1245.4457 1236.0656 1226.455 1216.6119 1206.5362 1196.2297 1185.6972 1174.9471 1163.9923 1152.8513 1141.549 1130.1185 1118.6012 1107.0483 1095.5202 1084.0853 1072.8173 1061.7888 1051.0629 1040.6806 1030.6451 1020.9075 1011.3588 1001.8436 992.21623 982.46774 972.93656 964.54702 958.86685 957.66052 961.89375 970.88091 982.47517 994.17772 1004.1563 1011.5755 1016.3963 1018.981 1019.6609 1018.3097 1014.0139 1005.0145 989.00097 963.58035 926.64943 876.64056 812.9471 736.96446 653.9556 575.02797 516.70917 494.96964 515.44423 569.00736 638.11472 706.8812 766.21223
1275.6572 1267.0764 1258.2921 1249.3012 1240.1013 1230.6912 1221.0708 1211.2417 1201.2077 1190.975 1180.553 1169.9549 1159.198 1148.3048 1137.3031 1126.2264 1115.1137 1104.0083 1092.9559 1082.0003 1071.1784 1060.5116 1049.9962 1039.5932 1029.221 1018.7593 1008.0754 997.09434 985.93389 975.10918 965.73625 959.52004 958.22695 962.66036 971.88057 983.52651 995.00813 1004.5087 1011.2408 1015.1789 1016.6436 1015.9135 1012.9024 1006.9455 996.76972 980.67465 956.83372 923.58672 879.72194 824.9327 760.70722 691.71647 627.07354 579.67857 561.69529 577.55152 620.54611 676.9712 733.59171 782.24543
1279.1862 1270.7321 1262.088 1253.2522 1244.2239 1235.0033 1225.5919 1215.9928 1206.2111 1196.2538 1186.1309 1175.8549 1165.4419 1154.9112 1144.2857 1133.5913 1122.8565 1112.1104 1101.3804 1090.6886 1080.0467 1069.4499 1058.8699 1048.2503 1037.5064 1026.5376 1015.2633 1003.698 992.07868 981.03621 971.73052 965.75865 964.61799 968.82149 977.3212 987.88313 998.1424 1006.4528 1012.0874 1014.9881 1015.3944 1013.5181 1009.3032 1002.2903 991.60611 976.08164 954.45111 925.57859 888.72701 843.97329 792.88645 739.41483 690.47347 655.14017 641.54394 652.51987 683.46359 724.64836 766.02117 800.8358
1282.814 1274.4813 1265.9706 1257.2815 1248.4144 1239.3708 1230.1535 1220.7666 1211.2161 1201.5097 1191.6573 1181.6711 1171.5655 1161.3572 1151.0647 1140.7079 1130.307 1119.8807 1109.444 1099.005 1088.5609 1078.0944 1067.5702 1056.9344 1046.1208 1035.0694 1023.7661 1012.3136 1001.0368 990.6023 982.07475 976.76616 975.76356 979.27733 986.29593 994.93512 1003.2403 1009.825 1014.0339 1015.7573 1015.1417 1012.3341 1007.3064 999.76584 989.15525 974.73357 955.71084 931.41929 901.53719 866.41702 827.54758 788.04505 752.8086 727.75412 717.80921 724.41919 744.33425 770.83582 796.59452 816.34231
1286.5288 1278.3109 1269.9256 1261.3734 1252.6559 1243.7755 1234.736 1225.5424 1216.2014 1206.7212 1197.1118 1187.3846 1177.553 1167.6316 1157.6359 1147.5815 1137.4831 1127.353 1117.199 1107.0222 1096.8148 1086.5576 1076.2205 1065.7652 1055.1552 1044.3775 1033.4801 1022.6312 1012.1939 1002.7919 995.30227 990.68766 989.63171 992.11815 997.26292 1003.5943 1009.6031 1014.1837 1016.7658 1017.201 1015.5587 1011.9401 1006.3495 998.6329 988.48025 975.47808 959.1998 939.3266 915.81281 889.11657 860.48493 832.18941 807.47837 789.96101 782.36167 785.11849 795.71031 809.2972 820.42009 824.98898
1290.3201 1282.2093 1273.9402 1265.514 1256.9332 1248.2011 1239.3221 1230.3021 1221.1484 1211.8694 1202.4752 1192.9773 1183.3881 1173.7212 1163.9901 1154.2082 1144.3874 1134.5371 1124.6626 1114.7636 1104.8335 1094.8588 1084.8213 1074.7034 1064.4999 1054.2384 1044.011 1034.0169 1024.6075 1016.3087 1009.7787 1005.6576 1004.3145 1005.6019 1008.7935 1012.7883 1016.4656 1018.9753 1019.8409 1018.9021 1016.1838 1011.7683 1005.7033 997.95765 988.41757 976.9164 963.28704 947.43718 929.45705 909.76632 889.27732 869.49295 852.3984 840.01413 833.62752 832.98225 835.87386 838.47572 836.39927 826.28732
