Data/yield_rb.tif
NCOLS 166
NROWS 297
XLLCORNER 97.345192
YLLCORNER 5.6160421
DX 0.04996348
DY 0.049990468
NODATA_VALUE -9999
[rows 130 to 155 of 297, columns 60 to 119 of 166]
169.84239 170.1411 170.26857 170.12261 169.55034 168.49901 167.42325 167.10434 167.64029 168.57933 169.56815 170.44946 171.18038 171.79199 172.38003 173.09334 174.09781 175.51665 177.38129 179.63618 182.20035 185.03311 188.12919 191.39105 194.42247 196.51081 197.08856 196.25885 194.64654 192.86382 191.25267 189.92684 188.88127 188.0665 187.42543 186.91 186.49046 186.16077 185.93696 185.84357 185.89288 186.07253 186.35064 186.69033 187.06071 187.44046 187.81654 188.18159 188.53162 188.8646 189.17953 189.47611 189.75452 190.01537 190.25966 190.48873 190.70426 190.90811 191.10231 191.28891
171.06336 171.67125 172.30902 172.96461 173.49395 173.50898 172.72174 171.65808 171.06968 171.09638 171.53457 172.17668 172.89779 173.65608 174.47786 175.43445 176.60727 178.04601 179.73861 181.61627 183.59876 185.64966 187.78261 189.97221 192.01188 193.49902 194.08729 193.77259 192.85947 191.70807 190.5659 189.54904 188.68565 187.95927 187.33737 186.78969 186.30274 185.89132 185.59843 185.4736 185.53812 185.76844 186.11195 186.51438 186.93579 187.35253 187.75285 188.13192 188.48849 188.82288 189.13604 189.42914 189.70344 189.96029 190.20111 190.42745 190.64099 190.84348 191.03673 191.22253
172.16724 173.02849 174.0673 175.32206 176.62089 177.31558 176.68146 175.15909 173.88364 173.33369 173.41008 173.89032 174.60436 175.46171 176.43829 177.55154 178.82879 180.27343 181.84056 183.43863 184.96879 186.38678 187.73102 189.05739 190.31448 191.30557 191.82039 191.80065 191.36058 190.68415 189.92823 189.18722 188.49958 187.86711 187.27367 186.70242 186.15405 185.66409 185.30469 185.15291 185.23903 185.52555 185.9369 186.40143 186.87141 187.32211 187.74378 188.13445 188.49557 188.82969 189.13955 189.42762 189.69614 189.9471 190.18235 190.40364 190.61271 190.81126 191.00096 191.18344
173.06802 174.05149 175.24668 176.67183 178.10799 178.89674 178.38775 176.97243 175.68035 175.04056 175.04147 175.50244 176.2585 177.20423 178.28967 179.50131 180.83671 182.27614 183.75794 185.17142 186.38896 187.34299 188.0905 188.76572 189.43618 190.02907 190.40923 190.49787 190.31333 189.93464 189.44879 188.91947 188.37929 187.83519 187.27923 186.70332 186.11889 185.57742 185.17304 185.00321 185.10467 185.42994 185.88732 186.39322 186.89468 187.36635 187.7999 188.19538 188.55615 188.88639 189.19011 189.47079 189.73135 189.97431 190.20183 190.41587 190.6182 190.8105 190.99435 191.17126
173.74489 174.71329 175.83157 177.06876 178.20517 178.77821 178.44146 177.50283 176.6468 176.27856 176.43766 177.00857 177.86111 178.89821 180.06203 181.32443 182.67025 184.07514 185.4796 186.76889 187.78847 188.4317 188.75506 188.95686 189.19426 189.46965 189.69068 189.77535 189.69838 189.48135 189.16421 188.78248 188.35685 187.89243 187.38476 186.83184 186.25262 185.70671 185.29529 185.12034 185.22058 185.54851 186.0109 186.52188 187.0266 187.49868 187.92961 188.31976 188.67304 188.99427 189.288 189.55821 189.80823 190.04084 190.25843 190.46303 190.65647 190.8404 191.01633 191.18565
174.24371 175.11396 176.04282 176.97402 177.74554 178.11903 177.98741 177.57077 177.25475 177.28826 177.71529 178.46772 179.45005 180.57871 181.79398 183.05928 184.35385 185.6586 186.93217 188.07982 188.94484 189.38842 189.44795 189.35197 189.30746 189.3578 189.43857 189.47517 189.42695 189.28732 189.06801 188.78406 188.44489 188.05208 187.60298 187.10037 186.56781 186.06474 185.68435 185.51762 185.60056 185.89492 186.32002 186.79772 187.27514 187.72496 188.13698 188.51023 188.84779 189.154 189.43326 189.68951 189.9261 190.14587 190.35124 190.54427 190.72676 190.90031 191.06637 191.22625
174.64426 175.40088 176.14727 176.83434 177.37316 177.67679 177.75407 177.75784 177.89632 178.30491 179.00883 179.96021 181.08271 182.29876 183.54243 184.76525 185.93784 187.04533 188.07107 188.96508 189.61827 189.91235 189.8669 189.67639 189.52684 189.4694 189.46426 189.45574 189.40649 189.30083 189.13683 188.91734 188.64412 188.31605 187.93191 187.49794 187.03906 186.60831 186.28226 186.13315 186.19141 186.43126 186.79153 187.20825 187.63432 188.04263 188.42109 188.76653 189.08025 189.3654 189.62556 189.86418 190.08434 190.2887 190.47955 190.65887 190.82839 190.98966 191.14402 191.29272
175.0219 175.69329 176.32195 176.88011 177.33477 177.67621 177.95274 178.27189 178.75128 179.46225 180.41122 181.55441 182.82027 184.12644 185.39165 186.54626 187.54269 188.36262 189.01369 189.50967 189.84232 189.98504 189.95527 189.84444 189.74428 189.68604 189.6547 189.62265 189.56774 189.47732 189.34579 189.17064 188.94961 188.68019 188.36223 188.00355 187.62745 187.27744 187.0118 186.88389 186.91787 187.09888 187.38484 187.72774 188.08875 188.44286 188.77694 189.08579 189.36873 189.62733 189.86404 190.08151 190.28228 190.46866 190.6427 190.80623 190.96083 191.10795 191.24887 191.38472
175.42651 176.05506 176.63613 177.16238 177.63399 178.0737 178.53674 179.10151 179.84125 180.79591 181.96119 183.2931 184.71768 186.14022 187.45504 188.55996 189.37732 189.87739 190.09374 190.11847 190.06909 190.03245 190.02678 190.02827 190.02007 190.00096 189.97183 189.92974 189.86948 189.78597 189.67494 189.53249 189.35473 189.13847 188.88374 188.59804 188.30092 188.02587 187.81522 187.70699 187.71991 187.84685 188.06101 188.32874 188.6202 188.91399 189.19724 189.46349 189.71039 189.93797 190.14745 190.34056 190.51917 190.68512 190.84014 190.98582 191.12359 191.25476 191.38051 191.5019
175.88048 176.5038 177.09009 177.64632 178.18952 178.75361 179.39038 180.16026 181.11513 182.28195 183.65419 185.19012 186.8137 188.41607 189.86078 191.00044 191.71098 191.94005 191.74892 191.3161 190.87516 190.59545 190.49495 190.48597 190.48663 190.46546 190.422 190.36265 190.29121 190.20778 190.10986 189.99326 189.8531 189.68526 189.4888 189.26918 189.04109 188.82891 188.66261 188.56915 188.56319 188.64277 188.79216 188.98923 189.21239 189.4446 189.67425 189.89448 190.10184 190.29508 190.47429 190.64029 190.79424 190.93747 191.07134 191.19718 191.31623 191.42967 191.53858 191.64392
176.38627 177.03039 177.65403 178.2727 178.91105 179.60552 180.40294 181.35346 182.49983 183.86674 185.45298 187.22564 189.11353 190.99906 192.71336 194.04816 194.80275 194.87091 194.32917 193.44646 192.56528 191.91999 191.5457 191.34764 191.22347 191.11843 191.01631 190.9166 190.82122 190.72988 190.63948 190.5447 190.43897 190.31624 190.17316 190.01173 189.84131 189.67857 189.54454 189.45881 189.43361 189.47063 189.56202 189.69435 189.85299 190.0251 190.20091 190.37378 190.53965 190.69634 190.84301 190.97964 191.10675 191.22516 191.33586 191.43992 191.5384 191.63235 191.72272 191.81044
176.93519 177.61448 178.29095 178.9846 179.72302 180.54234 181.4855 182.59768 183.91957 185.48035 187.29095 189.33611 191.56189 193.85607 196.02408 197.77944 198.79122 198.82849 197.947 196.52936 195.07087 193.90096 193.09353 192.56673 192.21102 191.95026 191.74553 191.58015 191.44666 191.33972 191.25307 191.17861 191.10683 191.0282 190.93532 190.82545 190.70232 190.57633 190.46241 190.37594 190.32837 190.32453 190.36241 190.43509 190.53341 190.64817 190.77143 190.89707 191.02075 191.13966 191.25222 191.35771 191.4561 191.54776 191.63337 191.71375 191.7898 191.86246 191.93262 192.0011
177.51389 178.23356 178.96672 179.73536 180.56783 181.4991 182.56968 183.82293 185.30133 187.04236 189.07379 191.40596 194.01638 196.81904 199.61273 202.02432 203.52356 203.64165 202.35933 200.24048 198.03628 196.21923 194.89888 193.98784 193.35779 192.90816 192.57685 192.32985 192.14873 192.02163 191.93788 191.88549 191.85054 191.81827 191.77534 191.71278 191.62838 191.52749 191.42152 191.32445 191.24884 191.20285 191.18918 191.20584 191.2477 191.30832 191.38126 191.46087 191.54266 191.62337 191.70085 191.77386 191.84191 191.90504 191.96367 192.01846 192.07021 192.11976 192.16794 192.21554
178.10833 178.86716 179.65338 180.48944 181.40324 182.42839 183.60366 184.97184 186.57818 188.46881 190.6885 193.27524 196.24535 199.55605 203.02586 206.2108 208.34046 208.60277 206.85315 203.92364 200.91914 198.46734 196.67823 195.4258 194.54827 193.92092 193.46454 193.1337 192.90292 192.75579 192.678 192.65336 192.66233 192.68289 192.6934 192.67672 192.6241 192.5371 192.42624 192.30714 192.19564 192.10397 192.03896 192.00217 191.99121 192.00135 192.02697 192.06265 192.10369 192.14646 192.18839 192.22787 192.26413 192.297 192.32677 192.35402 192.37949 192.40401 192.42838 192.45338
178.70589 179.49859 180.32968 181.22106 182.19948 183.29678 184.54982 186.00033 187.69478 189.68447 192.02531 194.77479 197.97943 201.63586 205.59455 209.38025 212.03638 212.43246 210.29299 206.71447 203.12668 200.26034 198.1869 196.72592 195.68412 194.92426 194.36397 193.95808 193.68187 193.51911 193.4541 193.46696 193.53154 193.61616 193.68768 193.71808 193.69115 193.60613 193.47604 193.3218 193.16514 193.02331 192.90675 192.81928 192.75974 192.7239 192.70619 192.70093 192.70311 192.70875 192.71502 192.72012 192.72319 192.72402 192.72292 192.72051 192.71759 192.71502 192.71363 192.7142
179.29639 180.11531 180.98053 181.91278 182.93701 184.08267 185.38388 186.87964 188.6143 190.63813 193.00762 195.78297 199.0163 202.71398 206.74014 210.62831 213.39652 213.83315 211.60953 207.90104 204.24028 201.36309 199.2914 197.80786 196.71194 195.87829 195.24215 194.77366 194.45863 194.28662 194.24354 194.30682 194.44273 194.60703 194.75082 194.83129 194.82351 194.72669 194.56103 194.35747 194.14657 193.95125 193.78463 193.65113 193.5491 193.47345 193.41773 193.37557 193.34147 193.31121 193.28187 193.25172 193.22005 193.18685 193.15263 193.11821 193.08455 193.05261 193.02333 192.99751
179.87253 180.70881 181.59636 182.55419 183.60492 184.77492 186.09444 187.59775 189.32333 191.31392 193.61557 196.27349 199.31869 202.73224 206.36326 209.78275 212.15866 212.50657 210.57728 207.37807 204.24132 201.7955 200.01804 198.68835 197.6343 196.77334 196.08117 195.55794 195.20844 195.03264 195.02057 195.14797 195.37269 195.63461 195.86364 195.99711 195.99997 195.87516 195.65658 195.39085 195.11995 194.87224 194.6616 194.49078 194.35566 194.24885 194.1622 194.08826 194.02105 193.95628 193.89127 193.82471 193.75636 193.68671 193.6167 193.54753 193.48044 193.4166 193.35707 193.30273
180.42984 181.27431 182.17226 183.1407 184.19951 185.3714 186.68183 188.15871 189.83198 191.73238 193.88872 196.32124 199.02677 201.94741 204.91236 207.55591 209.28298 209.4797 208.06174 205.76913 203.55409 201.84041 200.54636 199.46955 198.49849 197.62175 196.87373 196.29369 195.90909 195.73176 195.75669 195.95855 196.28629 196.66089 196.98532 197.17147 197.17353 197.00378 196.71798 196.3839 196.05596 195.76588 195.52519 195.33208 195.17789 195.05168 194.94304 194.84336 194.74642 194.64828 194.54701 194.4422 194.33451 194.22529 194.1162 194.009 193.90534 193.80671 193.71432 193.62913
180.96653 181.81016 182.70716 183.6724 184.72282 185.87718 187.15568 188.57924 190.16832 191.94059 193.90679 196.06285 198.37591 200.76109 203.04888 204.9572 206.11692 206.23297 205.36896 204.04338 202.83475 201.91931 201.12782 200.2835 199.36011 198.4364 197.6122 196.96472 196.54049 196.36012 196.42201 196.69958 197.13297 197.62297 198.04201 198.2731 198.26113 198.03488 197.67939 197.28621 196.91997 196.61136 196.36545 196.17296 196.01896 195.88825 195.76803 195.64897 195.52521 195.39393 195.25464 195.10851 194.95766 194.80472 194.65237 194.50314 194.35924 194.2225 194.09433 193.97576
181.48298 182.31722 183.20296 184.1529 185.18106 186.30231 187.53174 188.88363 190.36975 191.99655 193.7606 195.64136 197.59054 199.51839 201.28163 202.68676 203.53499 203.73158 203.41593 202.94548 202.61054 202.35916 201.93249 201.19557 200.22754 199.20209 198.27583 197.5516 197.08476 196.89788 196.98894 197.32868 197.84913 198.43296 198.9247 199.18209 199.14628 198.86849 198.46483 198.0468 197.68266 197.3961 197.1817 197.02048 196.89045 196.77217 196.6511 196.51811 196.36882 196.20263 196.02154 195.82911 195.6296 195.42737 195.22644 195.03033 194.84186 194.66323 194.49605 194.34138
181.98129 182.79822 183.66358 184.58808 185.58297 186.65957 187.8285 189.09847 190.47448 191.9551 193.52855 195.1673 196.82175 198.41475 199.84207 200.98801 201.76661 202.18684 202.39918 202.6281 202.94871 203.13512 202.87624 202.10577 201.01418 199.85611 198.82446 198.03068 197.52756 197.33248 197.43831 197.81064 198.37423 198.99993 199.51682 199.7724 199.71457 199.4172 199.01849 198.63785 198.33741 198.12803 197.99098 197.89675 197.81642 197.72718 197.61409 197.46975 197.29291 197.08669 196.85687 196.61043 196.35448 196.0956 195.83943 195.59054 195.35246 195.12771 194.918 194.72432
182.46459 183.25702 184.09424 184.98509 185.93842 186.96254 188.06444 189.24865 190.51564 191.85961 193.26562 194.7065 196.14015 197.50949 198.74866 199.79984 200.6429 201.32798 201.97713 202.69938 203.42061 203.82238 203.59778 202.75141 201.5522 200.30177 199.20768 198.379 197.86064 197.66141 197.76615 198.13308 198.68112 199.27902 199.76073 199.9874 199.92591 199.66545 199.3478 199.08356 198.91889 198.8475 198.83598 198.84415 198.83689 198.78934 198.688 198.52936 198.31742 198.06097 197.77109 197.4593 197.13629 196.81125 196.49161 196.18303 195.8896 195.61407 195.35808 195.12244
182.93658 183.69808 184.50063 185.35144 186.25731 187.22412 188.25615 189.35509 190.51884 191.73989 193.00372 194.28737 195.5593 196.78191 197.91876 198.94789 199.87913 200.7648 201.67976 202.64307 203.50592 203.95249 203.73102 202.88536 201.69506 200.46158 199.38969 198.58418 198.08448 197.89284 197.98663 198.31714 198.80089 199.31537 199.71909 199.90752 199.87397 199.71244 199.55038 199.47587 199.51225 199.63309 199.78885 199.92802 200.00953 200.00782 199.91307 199.72838 199.46571 199.14182 198.77484 198.38192 197.97794 197.57492 197.18203 196.80585 196.45079 196.11954 195.81345 195.53292
183.40097 184.1259 184.88846 185.6944 186.54885 187.45578 188.41756 189.43413 190.50219 191.61422 192.75778 193.91518 195.0646 196.18311 197.25266 198.26835 199.24602 200.22021 201.21867 202.20502 203.02041 203.4153 203.21642 202.47584 201.42742 200.33105 199.37284 198.65287 198.20963 198.04338 198.12784 198.4114 198.8142 199.23156 199.55703 199.7272 199.7605 199.74792 199.79442 199.96066 200.24441 200.59656 200.94849 201.23497 201.40824 201.44328 201.33677 201.10197 200.76222 200.34492 199.87702 199.38227 198.88003 198.38501 197.90778 197.45539 197.03212 196.64021 196.28036 195.95224
183.86119 184.54471 185.26301 186.02057 186.82111 187.66719 188.55982 189.49794 190.4779 191.49293 192.53299 193.58507 194.63448 195.66747 196.67501 197.65687 198.62287 199.58577 200.53971 201.42619 202.11268 202.43001 202.2758 201.69721 200.86574 199.98134 199.19931 198.61109 198.25545 198.13433 198.22264 198.47184 198.81234 199.16247 199.45102 199.64988 199.79498 199.97046 200.25966 200.69822 201.25881 201.86694 202.43018 202.86554 203.11714 203.16239 203.00864 202.68423 202.22821 201.68166 201.08195 200.45994 199.83921 199.23656 198.66317 198.1258 197.62795 197.17079 196.75396 196.37606
184.32012 184.9582 185.62893 186.33567 187.08096 187.86625 188.69162 189.55545 190.4541 191.38174 192.33038 193.29039 194.25158 195.20487 196.14432 197.06826 197.97765 198.86867 199.71848 200.46879 201.02334 201.27847 201.18134 200.77174 200.16822 199.51434 198.93075 198.49566 198.24641 198.18796 198.30025 198.54308 198.86196 199.19927 199.51374 199.80254 200.11097 200.51487 201.07958 201.8197 202.68344 203.56697 204.3477 204.91969 205.21811 205.22675 204.97049 204.49985 203.87502 203.15391 202.38546 201.60733 200.84631 200.12 199.43896 198.80854 198.23056 197.70449 197.22832 196.79921
