Data/yield_cf.tif
NCOLS 166
NROWS 297
XLLCORNER 97.345192
YLLCORNER 5.6160421
DX 0.04996348
DY 0.049990468
NODATA_VALUE -9999
[rows 104 to 129 of 297, columns 0 to 59 of 166]
3718.845 3718.9897 3719.1322 3719.2725 3719.4105 3719.5463 3719.6799 3719.8114 3719.9409 3720.0688 3720.1953 3720.3209 3720.4462 3720.5722 3720.6998 3720.8306 3720.9661 3721.1087 3721.2612 3721.427 3721.6107 3721.8176 3722.0545 3722.3301 3722.6546 3723.0412 3723.5056 3724.067 3724.7486 3725.5774 3726.5846 3727.8038 3729.2686 3731.0067 3733.0294 3735.3149 3737.7824 3740.262 3742.4669 3743.9967 3744.4018 3743.322 3740.6402 3736.5417 3731.4209 3725.705 3719.7118 3713.6035 3707.4167 3701.1229 3694.672 3688.005 3681.0404 3673.6566 3665.6798 3656.8795 3646.9712 3635.6196 3622.4209 3606.7283
3718.1082 3718.2355 3718.3601 3718.4819 3718.6008 3718.7168 3718.8299 3718.9401 3719.0475 3719.1522 3719.2546 3719.355 3719.4539 3719.552 3719.6501 3719.7494 3719.8512 3719.9573 3720.0701 3720.1921 3720.327 3720.4788 3720.6529 3720.8554 3721.094 3721.378 3721.718 3722.1267 3722.6186 3723.2092 3723.9148 3724.7503 3725.7259 3726.8422 3728.0817 3729.3974 3730.6992 3731.8403 3732.6126 3732.7622 3732.0355 3730.2504 3727.3643 3723.4958 3718.8817 3713.7938 3708.4622 3703.0349 3697.5766 3692.0888 3686.532 3680.8381 3674.9129 3668.6344 3661.8508 3654.3798 3646.0078 3636.4785 3625.4422 3612.2798
3717.3758 3717.486 3717.593 3717.6965 3717.7965 3717.8929 3717.9856 3718.0746 3718.1599 3718.2417 3718.32 3718.3952 3718.4674 3718.5373 3718.6054 3718.6724 3718.7395 3718.808 3718.8793 3718.9554 3719.0388 3719.1323 3719.2393 3719.3639 3719.5108 3719.6852 3719.8931 3720.1409 3720.4347 3720.7802 3721.1809 3721.6365 3722.1401 3722.6736 3723.2027 3723.6702 3723.9895 3724.0417 3723.6794 3722.7431 3721.0917 3718.6413 3715.3976 3711.4638 3707.0166 3702.2615 3697.3844 3692.5184 3687.7312 3683.0282 3678.3646 3673.6589 3668.8031 3663.671 3658.1231 3652.0099 3645.1714 3637.428 3628.5515 3618.2032
3716.6482 3716.7417 3716.8312 3716.9167 3716.9981 3717.0751 3717.1477 3717.2158 3717.2793 3717.3383 3717.3926 3717.4426 3717.4882 3717.5297 3717.5676 3717.6021 3717.6341 3717.6641 3717.6932 3717.7223 3717.7529 3717.7865 3717.8246 3717.8691 3717.9219 3717.9846 3718.0587 3718.1446 3718.2415 3718.3463 3718.4522 3718.5469 3718.6104 3718.6122 3718.5075 3718.2349 3717.7144 3716.8491 3715.5332 3713.6658 3711.1732 3708.032 3704.2872 3700.0548 3695.5056 3690.8338 3686.2186 3681.7922 3677.6197 3673.6956 3669.9539 3666.2854 3662.5571 3658.6278 3654.3597 3649.6248 3644.307 3638.3007 3631.51 3623.8612
3715.9261 3716.0029 3716.0754 3716.1432 3716.2062 3716.2642 3716.317 3716.3645 3716.4065 3716.4429 3716.4736 3716.4985 3716.5177 3716.5311 3716.5389 3716.5411 3716.5379 3716.5295 3716.5163 3716.4985 3716.4763 3716.4499 3716.4194 3716.3845 3716.3445 3716.2977 3716.2415 3716.1715 3716.0807 3715.9588 3715.7904 3715.554 3715.2196 3714.747 3714.0841 3713.166 3711.9162 3710.2508 3708.0872 3705.3583 3702.0297 3698.118 3693.7049 3688.9391 3684.0235 3679.1851 3674.6348 3670.526 3666.9253 3663.8045 3661.0554 3658.5181 3656.0136 3653.3697 3650.4379 3647.1011 3643.2769 3638.9197 3634.0301 3628.6853
3715.2097 3715.2704 3715.3261 3715.3766 3715.4216 3715.4609 3715.4943 3715.5215 3715.5424 3715.5566 3715.564 3715.5644 3715.5576 3715.5433 3715.5215 3715.4918 3715.4541 3715.408 3715.3533 3715.2895 3715.2158 3715.1312 3715.0344 3714.9232 3714.7947 3714.6445 3714.4665 3714.2522 3713.9897 3713.6626 3713.2492 3712.72 3712.0373 3711.1527 3710.0067 3708.529 3706.6405 3704.2591 3701.3091 3697.7352 3693.5207 3688.7071 3683.4104 3677.8288 3672.2321 3666.9292 3662.2118 3658.2897 3655.2412 3652.9996 3651.3809 3650.1366 3649.0096 3647.7743 3646.2582 3644.347 3641.9826 3639.162 3635.9424 3632.4609
3714.4996 3714.5444 3714.5838 3714.6173 3714.6448 3714.6659 3714.6803 3714.6877 3714.6879 3714.6805 3714.6652 3714.6417 3714.6095 3714.5682 3714.5175 3714.4569 3714.3857 3714.3032 3714.2086 3714.1006 3713.9778 3713.8383 3713.6793 3713.4972 3713.2873 3713.043 3712.7557 3712.4134 3712.0007 3711.4966 3710.8741 3710.098 3709.1236 3707.8949 3706.3441 3704.3918 3701.9489 3698.9227 3695.2266 3690.7955 3685.6073 3679.7089 3673.2433 3666.4706 3659.7678 3653.5918 3648.3931 3644.5002 3642.0221 3640.8236 3640.5839 3640.9011 3641.3905 3641.7454 3641.7584 3641.3154 3640.3808 3638.9845 3637.2163 3635.2298
3713.7963 3713.8257 3713.849 3713.866 3713.8764 3713.8797 3713.8757 3713.8639 3713.844 3713.8156 3713.7783 3713.7315 3713.6748 3713.6075 3713.5291 3713.4387 3713.3356 3713.2185 3713.0861 3712.9368 3712.7684 3712.5781 3712.3625 3712.1167 3711.8347 3711.5085 3711.1273 3710.6773 3710.1403 3709.4925 3708.703 3707.7323 3706.5301 3705.0332 3703.1644 3700.8311 3697.9265 3694.3339 3689.9361 3684.6321 3678.3633 3671.1509 3663.1422 3654.66 3646.2325 3638.5652 3632.4081 3628.3297 3626.5068 3626.672 3628.2479 3630.5632 3633.031 3635.234 3636.9296 3638.0157 3638.4898 3638.4185 3637.9195 3637.1528
3713.1001 3713.1145 3713.1223 3713.1233 3713.117 3713.1031 3713.0811 3713.0508 3713.0115 3712.9628 3712.9042 3712.8351 3712.7549 3712.6628 3712.558 3712.4395 3712.3062 3712.1567 3711.9894 3711.8021 3711.5923 3711.3567 3711.0911 3710.7902 3710.447 3710.0527 3709.5956 3709.0608 3708.4289 3707.6744 3706.7649 3705.6581 3704.2999 3702.6214 3700.5353 3697.9335 3694.6843 3690.6339 3685.6123 3679.4495 3672.0064 3663.225 3653.2033 3642.2936 3631.2065 3621.0463 3613.1337 3608.5416 3607.5907 3609.7333 3613.8863 3618.899 3623.8757 3628.2719 3631.8388 3634.5241 3636.3887 3637.5545 3638.1762 3638.4274
3712.4115 3712.4113 3712.4041 3712.3895 3712.3671 3712.3366 3712.2974 3712.2491 3712.1911 3712.123 3712.0441 3711.9537 3711.8511 3711.7355 3711.6058 3711.461 3711.2998 3711.1206 3710.9214 3710.7 3710.4536 3710.1785 3709.8704 3709.5237 3709.1313 3708.684 3708.1702 3707.5751 3706.8794 3706.0581 3705.079 3703.8998 3702.4655 3700.7039 3698.5203 3695.7912 3692.3565 3688.0139 3682.5176 3675.5887 3666.9461 3656.3683 3643.797 3629.5026 3614.3314 3599.9681 3588.8483 3583.1872 3583.6131 3588.9194 3596.9833 3605.7927 3614.0149 3621.0221 3626.655 3630.9929 3634.2138 3636.5257 3638.1379 3639.2503
3711.7309 3711.7166 3711.6948 3711.6652 3711.6273 3711.5807 3711.5249 3711.4594 3711.3836 3711.297 3711.1987 3711.0882 3710.9645 3710.8268 3710.674 3710.5049 3710.3181 3710.1119 3709.8843 3709.6329 3709.3549 3709.0467 3708.7039 3708.3211 3707.8915 3707.4067 3706.8558 3706.2252 3705.4975 3704.6499 3703.6531 3702.4684 3701.0441 3699.31 3697.1701 3694.4913 3691.0884 3686.7066 3681.0052 3673.5518 3663.8447 3651.3785 3635.7656 3616.9456 3595.6059 3574.0142 3556.782 3549.0396 3552.0224 3562.8171 3577.1442 3591.422 3603.8131 3613.8444 3621.6738 3627.6529 3632.1498 3635.4935 3637.9653 3639.8028
3711.0586 3711.0306 3710.9948 3710.9508 3710.898 3710.836 3710.7644 3710.6824 3710.5896 3710.4853 3710.3688 3710.2393 3710.096 3709.9378 3709.7636 3709.5723 3709.3623 3709.1321 3708.8795 3708.6024 3708.2979 3707.9628 3707.593 3707.1837 3706.7289 3706.2214 3705.6521 3705.0098 3704.2804 3703.4457 3702.4822 3701.3587 3700.0329 3698.445 3696.5089 3694.0962 3691.0128 3686.9632 3681.5069 3674.018 3663.6795 3649.5487 3630.6924 3606.3504 3576.2729 3542.199 3512.2594 3500.6268 3508.8951 3529.6848 3554.5369 3576.6356 3594.0917 3607.3545 3617.3236 3624.8018 3630.4135 3634.6312 3637.8151 3640.244
3710.395 3710.3539 3710.3046 3710.2466 3710.1796 3710.1029 3710.0161 3709.9186 3709.8097 3709.6888 3709.5551 3709.4078 3709.2462 3709.069 3708.8754 3708.664 3708.4334 3708.182 3707.9079 3707.6092 3707.2832 3706.9271 3706.5375 3706.1105 3705.6415 3705.1248 3704.5541 3703.9215 3703.2175 3702.4307 3701.5466 3700.5461 3699.4032 3698.0797 3696.5162 3694.6151 3692.2085 3689.0034 3684.4929 3677.8425 3667.8065 3652.7949 3631.1263 3601.1597 3560.8779 3507.6507 3447.1931 3430.3678 3446.8841 3487.2383 3531.2602 3563.6059 3586.2766 3602.4084 3614.1203 3622.7641 3629.2244 3634.1033 3637.8268 3640.7064
3709.7403 3709.6866 3709.6243 3709.5531 3709.4724 3709.3818 3709.2806 3709.1682 3709.0442 3708.9076 3708.7579 3708.5942 3708.4156 3708.2212 3708.0098 3707.7804 3707.5315 3707.2618 3706.9696 3706.653 3706.3101 3705.9385 3705.5356 3705.0988 3704.6249 3704.1106 3703.5525 3702.947 3702.2906 3701.58 3700.8125 3699.9854 3699.0962 3698.1406 3697.1073 3695.9657 3694.6361 3692.9225 3690.3726 3686.0219 3678.0715 3663.853 3640.5962 3606.3195 3558.7217 3491.1987 3382.6532 3365.3158 3291.2849 3439.9046 3515.31 3556.2525 3582.1912 3599.906 3612.5447 3621.8203 3628.7639 3634.0422 3638.1102 3641.2915
3709.0947 3709.029 3708.9544 3708.8705 3708.7768 3708.6729 3708.5581 3708.4318 3708.2934 3708.1423 3707.9776 3707.7987 3707.6046 3707.3944 3707.1671 3706.9217 3706.6569 3706.3715 3706.064 3705.7332 3705.3773 3704.9948 3704.5842 3704.1439 3703.6726 3703.1696 3702.6346 3702.0688 3701.4753 3700.86 3700.2333 3699.6123 3699.0233 3698.5062 3698.1182 3697.937 3698.0534 3698.5315 3699.2634 3699.5437 3697.1013 3687.068 3663.8487 3626.2581 3576.7041 3516.1019 3451.4007 3413.7599 3369.1901 3454.3299 3519.7866 3558.1758 3583.111 3600.3924 3612.8675 3622.125 3629.1341 3634.5264 3638.7345 3642.0664
3708.4587 3708.3813 3708.2949 3708.199 3708.093 3707.9765 3707.8488 3707.7094 3707.5577 3707.393 3707.2145 3707.0215 3706.8133 3706.5888 3706.3473 3706.0877 3705.809 3705.5103 3705.1903 3704.8481 3704.4827 3704.0932 3703.6791 3703.2401 3702.7768 3702.2909 3701.7855 3701.2664 3700.7432 3700.2311 3699.754 3699.3487 3699.0724 3699.013 3699.3078 3700.171 3701.939 3705.1306 3710.4845 3718.71 3728.7354 3731.6982 3709.7301 3663.4642 3610.3988 3559.2321 3516.2088 3489.4225 3484.0193 3508.0251 3541.2304 3568.4328 3588.6897 3603.7201 3615.0235 3623.653 3630.3326 3635.5683 3639.723 3643.0629
3707.8322 3707.7439 3707.6463 3707.5389 3707.4212 3707.2928 3707.1531 3707.0014 3706.8372 3706.6598 3706.4686 3706.2627 3706.0416 3705.8043 3705.55 3705.278 3704.9873 3704.6773 3704.3471 3703.996 3703.6238 3703.2301 3702.8155 3702.381 3701.9288 3701.4628 3700.9893 3700.5183 3700.0649 3699.6526 3699.3169 3699.1121 3699.1219 3699.4774 3700.3881 3702.1992 3705.5009 3711.3519 3721.7601 3740.7254 3775.6622 3825.1971 3804.4013 3717.8015 3649.6433 3600.5523 3565.7968 3545.3918 3540.3188 3549.2851 3565.6255 3582.5544 3597.2049 3609.1238 3618.6378 3626.2097 3632.2567 3637.1168 3641.0554 3644.28
3707.2156 3707.1167 3707.0084 3706.8902 3706.7616 3706.622 3706.4709 3706.3077 3706.1319 3705.9429 3705.7399 3705.5223 3705.2894 3705.0405 3704.7749 3704.492 3704.191 3703.8714 3703.5327 3703.1748 3702.7977 3702.4018 3701.9886 3701.56 3701.1199 3700.674 3700.2309 3699.8039 3699.4127 3699.0865 3698.8692 3698.8269 3699.0609 3699.7293 3701.0863 3703.5552 3707.8779 3715.4469 3729.143 3755.8732 3816.806 4017.5847 3992.4027 3767.1 3681.3513 3632.7915 3602.0119 3584.0562 3577.1711 3579.2805 3587.0174 3596.9295 3606.7938 3615.6319 3623.1828 3629.4978 3634.7351 3639.0728 3642.6766 3645.6904
3706.6088 3706.5 3706.3816 3706.2532 3706.1141 3705.964 3705.8023 3705.6285 3705.4419 3705.2421 3705.0283 3704.7999 3704.5564 3704.2972 3704.0215 3703.729 3703.419 3703.0913 3702.7457 3702.3822 3702.0015 3701.6046 3701.1934 3700.771 3700.3422 3699.9139 3699.4967 3699.1057 3698.7633 3698.5019 3698.3692 3698.4357 3698.8081 3699.6497 3701.2181 3703.9332 3708.5102 3716.2404 3729.6342 3754.0469 3801.7185 3886.8384 3871.3448 3762.1674 3694.4826 3653.1749 3626.7228 3610.6415 3602.8075 3601.4295 3604.4641 3609.8965 3616.1912 3622.4244 3628.1475 3633.1998 3637.5697 3641.3129 3644.5106 3647.2485
3706.0121 3705.8939 3705.7659 3705.6278 3705.479 3705.319 3705.1474 3704.9636 3704.7671 3704.5573 3704.3336 3704.0955 3703.8424 3703.5738 3703.2892 3702.9881 3702.6703 3702.3356 3701.9841 3701.6161 3701.2326 3700.835 3700.4258 3700.0085 3699.5887 3699.1741 3698.776 3698.4104 3698.1003 3697.8782 3697.7912 3697.907 3698.3252 3699.1933 3700.7344 3703.2923 3707.4083 3713.9462 3724.2665 3740.2457 3762.6535 3782.1273 3771.4281 3732.3007 3693.2045 3663.4369 3642.4544 3628.7091 3620.9267 3617.8951 3618.3259 3620.9596 3624.7499 3628.9583 3633.134 3637.0393 3640.5724 3643.7108 3646.4736 3648.9003
3705.4254 3705.2983 3705.1613 3705.0141 3704.8561 3704.687 3704.5062 3704.3131 3704.1074 3703.8884 3703.6556 3703.4086 3703.1468 3702.8698 3702.5772 3702.2686 3701.9439 3701.6031 3701.2465 3700.8746 3700.4885 3700.0901 3699.6819 3699.2681 3698.8542 3698.4483 3698.0615 3697.7095 3697.4142 3697.2057 3697.1265 3697.2358 3697.6169 3698.3877 3699.7144 3701.8313 3705.0595 3709.8073 3716.4771 3725.0424 3733.7923 3737.4416 3729.3135 3710.1765 3687.7452 3667.7187 3652.0317 3640.8591 3633.7863 3630.1614 3629.2086 3630.1332 3632.2274 3634.938 3637.879 3640.8077 3643.5877 3646.1538 3648.486 3650.5903
3704.8489 3704.7133 3704.5679 3704.4121 3704.2456 3704.0679 3703.8784 3703.6768 3703.4626 3703.2352 3702.9941 3702.739 3702.4693 3702.1848 3701.8849 3701.5697 3701.2388 3700.8926 3700.5313 3700.1557 3699.767 3699.3672 3698.959 3698.5464 3698.135 3697.7324 3697.3491 3696.9994 3696.7026 3696.4848 3696.3814 3696.4394 3696.7219 3697.3118 3698.3155 3699.8629 3702.0939 3705.1101 3708.8441 3712.7735 3715.4965 3714.6602 3708.2655 3696.7515 3682.8399 3669.3246 3657.8489 3649.0451 3642.9588 3639.3229 3637.708 3637.6245 3638.6017 3640.2401 3642.2336 3644.3666 3646.4999 3648.5513 3650.479 3652.268
3704.2825 3704.139 3703.9856 3703.8218 3703.6473 3703.4615 3703.2641 3703.0546 3702.8325 3702.5974 3702.3488 3702.0862 3701.8095 3701.518 3701.2117 3700.8904 3700.554 3700.2028 3699.8372 3699.458 3699.0665 3698.6646 3698.2549 3697.8413 3697.4289 3697.0246 3696.6377 3696.2804 3695.9687 3695.7238 3695.5725 3695.5493 3695.6967 3696.0654 3696.7116 3697.6875 3699.019 3700.6582 3702.3966 3703.7441 3703.8499 3701.6689 3696.523 3688.6961 3679.3701 3669.9535 3661.5183 3654.6569 3649.5717 3646.2049 3644.3427 3643.6953 3643.9567 3644.8464 3646.132 3647.636 3649.232 3650.8364 3652.3983 3653.8908
3703.7263 3703.5753 3703.4144 3703.2431 3703.0611 3702.8679 3702.6631 3702.4463 3702.217 3701.9747 3701.7192 3701.45 3701.1667 3700.8691 3700.5569 3700.2301 3699.8887 3699.5329 3699.1631 3698.7803 3698.3856 3697.9808 3697.5684 3697.1517 3696.7353 3696.325 3695.9287 3695.5561 3695.2199 3694.9356 3694.7223 3694.6024 3694.601 3694.7436 3695.0504 3695.5261 3696.1398 3696.794 3697.2819 3697.2525 3696.2264 3693.725 3689.5085 3683.7723 3677.1153 3670.2965 3663.9818 3658.6168 3654.4191 3651.4234 3649.539 3648.602 3648.4183 3648.7955 3649.5626 3650.5796 3651.7394 3652.9649 3654.2044 3655.4258
3703.1801 3703.0221 3702.8542 3702.6759 3702.487 3702.2869 3702.0753 3701.8517 3701.6157 3701.367 3701.1052 3700.8298 3700.5407 3700.2375 3699.92 3699.5882 3699.2421 3698.882 3698.5083 3698.1217 3697.7235 3697.315 3696.8987 3696.4771 3696.0543 3695.6349 3695.225 3694.8321 3694.4653 3694.1352 3693.854 3693.6343 3693.4878 3693.4225 3693.4368 3693.5111 3693.5944 3693.5875 3693.3276 3692.5855 3691.0964 3688.6361 3685.1263 3680.7064 3675.7159 3670.5925 3665.752 3661.5082 3658.0455 3655.4297 3653.634 3652.5709 3652.1204 3652.1528 3652.5452 3653.1904 3654.0013 3654.9111 3655.8714 3656.8495
3702.6441 3702.4795 3702.305 3702.1202 3701.9248 3701.7183 3701.5003 3701.2706 3701.0285 3700.7739 3700.5063 3700.2254 3699.9309 3699.6226 3699.3003 3698.964 3698.6136 3698.2494 3697.8719 3697.4815 3697.0795 3696.6669 3696.2457 3695.8181 3695.3871 3694.9564 3694.5304 3694.1145 3693.7145 3693.3371 3692.9887 3692.6748 3692.3979 3692.1553 3691.9339 3691.7052 3691.4169 3690.9862 3690.2962 3689.2032 3687.5618 3685.2672 3682.3037 3678.7734 3674.885 3670.9061 3667.103 3663.6923 3660.8179 3658.5481 3656.887 3655.7912 3655.1883 3654.9925 3655.1165 3655.4801 3656.0144 3656.6635 3657.3847 3658.1469
