Data/yield_mp.tif
NCOLS 166
NROWS 297
XLLCORNER 97.345192
YLLCORNER 5.6160421
DX 0.04996348
DY 0.049990468
NODATA_VALUE -9999
[rows 234 to 259 of 297, columns 60 to 119 of 166]
1292.7279 1292.6996 1292.6716 1292.6436 1292.6159 1292.5883 1292.5609 1292.5336 1292.5066 1292.4797 1292.4529 1292.4263 1292.3999 1292.3737 1292.3476 1292.3217 1292.296 1292.2704 1292.2451 1292.2198 1292.1948 1292.1699 1292.1452 1292.1207 1292.0964 1292.0722 1292.0482 1292.0244 1292.0008 1291.9774 1291.9541 1291.9311 1291.9082 1291.8855 1291.863 1291.8407 1291.8187 1291.7968 1291.7751 1291.7536 1291.7324 1291.7114 1291.6905 1291.6699 1291.6496 1291.6295 1291.6096 1291.5899 1291.5705 1291.5514 1291.5325 1291.5138 1291.4955 1291.4774 1291.4595 1291.442 1291.4247 1291.4078 1291.3911 1291.3748
1292.7618 1292.7338 1292.7059 1292.6782 1292.6507 1292.6234 1292.5962 1292.5691 1292.5423 1292.5156 1292.4891 1292.4627 1292.4366 1292.4105 1292.3847 1292.359 1292.3335 1292.3082 1292.283 1292.258 1292.2332 1292.2086 1292.1841 1292.1598 1292.1357 1292.1118 1292.088 1292.0645 1292.0411 1292.0179 1291.9949 1291.972 1291.9494 1291.927 1291.9047 1291.8827 1291.8608 1291.8392 1291.8177 1291.7965 1291.7755 1291.7547 1291.7341 1291.7138 1291.6937 1291.6738 1291.6542 1291.6348 1291.6156 1291.5967 1291.578 1291.5596 1291.5415 1291.5237 1291.5061 1291.4888 1291.4718 1291.455 1291.4386 1291.4225
1292.7954 1292.7676 1292.74 1292.7125 1292.6853 1292.6581 1292.6312 1292.6044 1292.5777 1292.5513 1292.525 1292.4989 1292.4729 1292.4471 1292.4215 1292.396 1292.3708 1292.3457 1292.3207 1292.296 1292.2714 1292.247 1292.2227 1292.1987 1292.1748 1292.1511 1292.1275 1292.1042 1292.081 1292.0581 1292.0353 1292.0127 1291.9903 1291.9681 1291.9461 1291.9243 1291.9026 1291.8812 1291.86 1291.8391 1291.8183 1291.7977 1291.7774 1291.7573 1291.7374 1291.7178 1291.6984 1291.6792 1291.6603 1291.6416 1291.6232 1291.6051 1291.5872 1291.5695 1291.5522 1291.5351 1291.5184 1291.5019 1291.4857 1291.4698
1292.8288 1292.8012 1292.7738 1292.7466 1292.7195 1292.6926 1292.6659 1292.6393 1292.6129 1292.5867 1292.5606 1292.5347 1292.509 1292.4834 1292.458 1292.4328 1292.4077 1292.3828 1292.3581 1292.3336 1292.3092 1292.285 1292.261 1292.2372 1292.2135 1292.19 1292.1667 1292.1436 1292.1207 1292.0979 1292.0754 1292.053 1292.0309 1292.0089 1291.9871 1291.9655 1291.9441 1291.923 1291.902 1291.8813 1291.8607 1291.8404 1291.8203 1291.8004 1291.7808 1291.7614 1291.7422 1291.7233 1291.7046 1291.6862 1291.668 1291.6501 1291.6324 1291.615 1291.5979 1291.5811 1291.5645 1291.5483 1291.5323 1291.5166
1292.8619 1292.8346 1292.8074 1292.7804 1292.7536 1292.7269 1292.7004 1292.674 1292.6478 1292.6218 1292.596 1292.5703 1292.5448 1292.5194 1292.4943 1292.4692 1292.4444 1292.4197 1292.3953 1292.3709 1292.3468 1292.3228 1292.299 1292.2754 1292.252 1292.2287 1292.2056 1292.1827 1292.16 1292.1375 1292.1152 1292.0931 1292.0711 1292.0494 1292.0278 1292.0065 1291.9853 1291.9644 1291.9436 1291.9231 1291.9028 1291.8827 1291.8629 1291.8432 1291.8238 1291.8046 1291.7857 1291.767 1291.7485 1291.7303 1291.7124 1291.6947 1291.6773 1291.6601 1291.6432 1291.6266 1291.6103 1291.5942 1291.5785 1291.563
1292.8948 1292.8677 1292.8407 1292.8139 1292.7873 1292.7609 1292.7346 1292.7084 1292.6825 1292.6567 1292.6311 1292.6056 1292.5803 1292.5552 1292.5302 1292.5054 1292.4808 1292.4564 1292.4321 1292.408 1292.3841 1292.3603 1292.3367 1292.3134 1292.2901 1292.2671 1292.2442 1292.2216 1292.1991 1292.1768 1292.1547 1292.1328 1292.111 1292.0895 1292.0682 1292.0471 1292.0261 1292.0054 1291.9849 1291.9646 1291.9445 1291.9247 1291.905 1291.8856 1291.8665 1291.8475 1291.8288 1291.8103 1291.7921 1291.7741 1291.7564 1291.7389 1291.7217 1291.7048 1291.6881 1291.6717 1291.6556 1291.6398 1291.6242 1291.609
1292.9274 1292.9005 1292.8738 1292.8472 1292.8208 1292.7946 1292.7685 1292.7426 1292.7169 1292.6913 1292.6659 1292.6406 1292.6156 1292.5907 1292.5659 1292.5414 1292.517 1292.4927 1292.4687 1292.4448 1292.4211 1292.3975 1292.3742 1292.351 1292.328 1292.3052 1292.2826 1292.2601 1292.2378 1292.2158 1292.1939 1292.1722 1292.1507 1292.1294 1292.1083 1292.0874 1292.0667 1292.0462 1292.0259 1292.0058 1291.986 1291.9663 1291.9469 1291.9277 1291.9088 1291.89 1291.8715 1291.8533 1291.8353 1291.8175 1291.8 1291.7828 1291.7658 1291.749 1291.7326 1291.7164 1291.7005 1291.6849 1291.6695 1291.6545
1292.9597 1292.9331 1292.9066 1292.8803 1292.8541 1292.8281 1292.8022 1292.7765 1292.751 1292.7257 1292.7005 1292.6754 1292.6506 1292.6259 1292.6014 1292.577 1292.5528 1292.5288 1292.505 1292.4813 1292.4578 1292.4345 1292.4113 1292.3884 1292.3656 1292.343 1292.3206 1292.2983 1292.2763 1292.2544 1292.2328 1292.2113 1292.19 1292.1689 1292.148 1292.1273 1292.1069 1292.0866 1292.0665 1292.0467 1292.027 1292.0076 1291.9884 1291.9694 1291.9507 1291.9322 1291.9139 1291.8959 1291.8781 1291.8605 1291.8433 1291.8262 1291.8094 1291.7929 1291.7767 1291.7607 1291.745 1291.7296 1291.7145 1291.6996
1292.9919 1292.9654 1292.9392 1292.913 1292.8871 1292.8613 1292.8357 1292.8102 1292.7849 1292.7597 1292.7348 1292.71 1292.6853 1292.6608 1292.6365 1292.6124 1292.5884 1292.5646 1292.541 1292.5175 1292.4942 1292.4711 1292.4482 1292.4255 1292.4029 1292.3805 1292.3583 1292.3363 1292.3144 1292.2928 1292.2713 1292.2501 1292.229 1292.2081 1292.1875 1292.167 1292.1467 1292.1267 1292.1068 1292.0872 1292.0678 1292.0486 1292.0296 1292.0108 1291.9923 1291.974 1291.9559 1291.9381 1291.9205 1291.9032 1291.8861 1291.8693 1291.8527 1291.8364 1291.8204 1291.8046 1291.7891 1291.7739 1291.759 1291.7443
1293.0237 1292.9975 1292.9715 1292.9456 1292.9198 1292.8943 1292.8689 1292.8436 1292.8185 1292.7936 1292.7688 1292.7442 1292.7198 1292.6955 1292.6714 1292.6475 1292.6237 1292.6001 1292.5767 1292.5535 1292.5304 1292.5075 1292.4848 1292.4623 1292.4399 1292.4177 1292.3957 1292.3739 1292.3523 1292.3309 1292.3096 1292.2886 1292.2677 1292.2471 1292.2266 1292.2064 1292.1863 1292.1665 1292.1468 1292.1274 1292.1082 1292.0892 1292.0704 1292.0519 1292.0336 1292.0155 1291.9976 1291.98 1291.9626 1291.9455 1291.9286 1291.912 1291.8956 1291.8795 1291.8637 1291.8481 1291.8328 1291.8178 1291.8031 1291.7886
1293.0554 1293.0294 1293.0036 1292.9779 1292.9524 1292.927 1292.9018 1292.8768 1292.8519 1292.8272 1292.8026 1292.7782 1292.754 1292.73 1292.7061 1292.6823 1292.6588 1292.6354 1292.6122 1292.5892 1292.5663 1292.5436 1292.5211 1292.4988 1292.4767 1292.4547 1292.4329 1292.4113 1292.3899 1292.3687 1292.3476 1292.3268 1292.3061 1292.2857 1292.2654 1292.2454 1292.2255 1292.2059 1292.1865 1292.1673 1292.1483 1292.1295 1292.1109 1292.0926 1292.0745 1292.0566 1292.0389 1292.0215 1292.0044 1291.9874 1291.9708 1291.9543 1291.9382 1291.9223 1291.9066 1291.8913 1291.8761 1291.8613 1291.8468 1291.8325
1293.0868 1293.061 1293.0354 1293.0099 1292.9846 1292.9595 1292.9345 1292.9097 1292.885 1292.8605 1292.8362 1292.812 1292.788 1292.7641 1292.7405 1292.7169 1292.6936 1292.6704 1292.6474 1292.6246 1292.602 1292.5795 1292.5572 1292.5351 1292.5131 1292.4914 1292.4698 1292.4484 1292.4272 1292.4062 1292.3853 1292.3647 1292.3443 1292.324 1292.304 1292.2841 1292.2645 1292.2451 1292.2258 1292.2068 1292.188 1292.1694 1292.1511 1292.133 1292.115 1292.0974 1292.0799 1292.0627 1292.0457 1292.029 1292.0125 1291.9963 1291.9803 1291.9646 1291.9492 1291.934 1291.9191 1291.9044 1291.8901 1291.876
1293.118 1293.0924 1293.067 1293.0418 1293.0167 1292.9917 1292.967 1292.9423 1292.9179 1292.8936 1292.8695 1292.8455 1292.8217 1292.7981 1292.7746 1292.7513 1292.7281 1292.7052 1292.6824 1292.6598 1292.6373 1292.6151 1292.593 1292.571 1292.5493 1292.5277 1292.5064 1292.4852 1292.4642 1292.4434 1292.4227 1292.4023 1292.3821 1292.362 1292.3422 1292.3226 1292.3031 1292.2839 1292.2649 1292.2461 1292.2275 1292.2091 1292.1909 1292.173 1292.1553 1292.1378 1292.1206 1292.1036 1292.0868 1292.0703 1292.054 1292.0379 1292.0222 1292.0066 1291.9914 1291.9764 1291.9616 1291.9472 1291.933 1291.9191
1293.1489 1293.1236 1293.0984 1293.0733 1293.0485 1293.0237 1292.9992 1292.9748 1292.9505 1292.9264 1292.9025 1292.8788 1292.8552 1292.8317 1292.8085 1292.7854 1292.7624 1292.7397 1292.7171 1292.6947 1292.6724 1292.6504 1292.6285 1292.6068 1292.5852 1292.5639 1292.5427 1292.5217 1292.5009 1292.4803 1292.4599 1292.4396 1292.4196 1292.3998 1292.3801 1292.3607 1292.3415 1292.3224 1292.3036 1292.285 1292.2666 1292.2484 1292.2305 1292.2127 1292.1952 1292.1779 1292.1609 1292.144 1292.1275 1292.1111 1292.095 1292.0792 1292.0636 1292.0483 1292.0332 1292.0184 1292.0038 1291.9895 1291.9755 1291.9618
1293.1796 1293.1545 1293.1295 1293.1047 1293.08 1293.0555 1293.0312 1293.007 1292.9829 1292.959 1292.9353 1292.9118 1292.8884 1292.8651 1292.8421 1292.8192 1292.7965 1292.7739 1292.7515 1292.7293 1292.7073 1292.6854 1292.6637 1292.6422 1292.6209 1292.5997 1292.5787 1292.5579 1292.5373 1292.5169 1292.4967 1292.4767 1292.4568 1292.4372 1292.4178 1292.3985 1292.3795 1292.3606 1292.342 1292.3236 1292.3054 1292.2874 1292.2697 1292.2521 1292.2348 1292.2177 1292.2008 1292.1842 1292.1678 1292.1517 1292.1358 1292.1201 1292.1047 1292.0895 1292.0746 1292.06 1292.0456 1292.0315 1292.0177 1292.0041
1293.2101 1293.1852 1293.1604 1293.1358 1293.1114 1293.087 1293.0629 1293.0389 1293.0151 1292.9914 1292.9679 1292.9445 1292.9213 1292.8983 1292.8755 1292.8528 1292.8302 1292.8079 1292.7857 1292.7637 1292.7418 1292.7202 1292.6987 1292.6774 1292.6562 1292.6353 1292.6145 1292.5939 1292.5735 1292.5533 1292.5333 1292.5134 1292.4938 1292.4743 1292.4551 1292.4361 1292.4172 1292.3986 1292.3801 1292.3619 1292.3439 1292.3261 1292.3085 1292.2912 1292.274 1292.2571 1292.2405 1292.224 1292.2078 1292.1919 1292.1761 1292.1606 1292.1454 1292.1304 1292.1157 1292.1013 1292.087 1292.0731 1292.0594 1292.0461
1293.2404 1293.2157 1293.1911 1293.1667 1293.1425 1293.1184 1293.0944 1293.0706 1293.047 1293.0235 1293.0002 1292.9771 1292.9541 1292.9313 1292.9086 1292.8861 1292.8638 1292.8416 1292.8196 1292.7978 1292.7762 1292.7547 1292.7334 1292.7123 1292.6913 1292.6706 1292.65 1292.6296 1292.6094 1292.5894 1292.5695 1292.5499 1292.5305 1292.5112 1292.4922 1292.4733 1292.4546 1292.4362 1292.418 1292.3999 1292.3821 1292.3645 1292.3471 1292.3299 1292.313 1292.2963 1292.2798 1292.2635 1292.2475 1292.2317 1292.2162 1292.2009 1292.1858 1292.171 1292.1564 1292.1422 1292.1281 1292.1144 1292.1009 1292.0876
1293.2704 1293.2459 1293.2216 1293.1974 1293.1733 1293.1494 1293.1257 1293.1021 1293.0787 1293.0554 1293.0323 1293.0094 1292.9866 1292.9639 1292.9415 1292.9192 1292.8971 1292.8751 1292.8533 1292.8317 1292.8102 1292.789 1292.7679 1292.7469 1292.7262 1292.7056 1292.6852 1292.665 1292.645 1292.6252 1292.6055 1292.5861 1292.5668 1292.5478 1292.5289 1292.5102 1292.4918 1292.4735 1292.4555 1292.4376 1292.42 1292.4026 1292.3854 1292.3684 1292.3516 1292.3351 1292.3188 1292.3027 1292.2868 1292.2712 1292.2559 1292.2407 1292.2258 1292.2112 1292.1968 1292.1827 1292.1688 1292.1552 1292.1419 1292.1288
1293.3003 1293.276 1293.2518 1293.2278 1293.204 1293.1803 1293.1568 1293.1334 1293.1101 1293.0871 1293.0642 1293.0414 1293.0188 1292.9964 1292.9741 1292.952 1292.9301 1292.9083 1292.8867 1292.8653 1292.8441 1292.823 1292.8021 1292.7813 1292.7608 1292.7404 1292.7202 1292.7002 1292.6804 1292.6607 1292.6413 1292.622 1292.6029 1292.5841 1292.5654 1292.5469 1292.5286 1292.5106 1292.4927 1292.475 1292.4576 1292.4403 1292.4233 1292.4065 1292.3899 1292.3736 1292.3574 1292.3415 1292.3258 1292.3104 1292.2952 1292.2803 1292.2655 1292.2511 1292.2369 1292.2229 1292.2092 1292.1957 1292.1826 1292.1696
1293.3299 1293.3058 1293.2818 1293.2581 1293.2344 1293.2109 1293.1876 1293.1644 1293.1414 1293.1185 1293.0958 1293.0732 1293.0508 1293.0286 1293.0065 1292.9846 1292.9629 1292.9413 1292.9199 1292.8987 1292.8776 1292.8567 1292.836 1292.8155 1292.7951 1292.7749 1292.7549 1292.7351 1292.7154 1292.696 1292.6767 1292.6577 1292.6388 1292.6201 1292.6016 1292.5833 1292.5652 1292.5473 1292.5296 1292.5121 1292.4949 1292.4778 1292.4609 1292.4443 1292.4279 1292.4117 1292.3958 1292.38 1292.3645 1292.3493 1292.3342 1292.3195 1292.3049 1292.2906 1292.2765 1292.2627 1292.2492 1292.2359 1292.2229 1292.2101
1293.3593 1293.3354 1293.3117 1293.2881 1293.2646 1293.2413 1293.2182 1293.1952 1293.1724 1293.1497 1293.1272 1293.1048 1293.0826 1293.0606 1293.0387 1293.017 1292.9954 1292.9741 1292.9529 1292.9318 1292.9109 1292.8902 1292.8697 1292.8493 1292.8292 1292.8092 1292.7894 1292.7697 1292.7503 1292.731 1292.7119 1292.693 1292.6743 1292.6558 1292.6375 1292.6194 1292.6015 1292.5838 1292.5662 1292.5489 1292.5318 1292.515 1292.4983 1292.4818 1292.4656 1292.4496 1292.4338 1292.4182 1292.4029 1292.3878 1292.3729 1292.3583 1292.3439 1292.3298 1292.3159 1292.3022 1292.2889 1292.2757 1292.2628 1292.2502
1293.3885 1293.3648 1293.3413 1293.3179 1293.2946 1293.2715 1293.2486 1293.2258 1293.2032 1293.1807 1293.1584 1293.1362 1293.1142 1293.0923 1293.0706 1293.0491 1293.0278 1293.0066 1292.9855 1292.9647 1292.944 1292.9235 1292.9031 1292.883 1292.863 1292.8432 1292.8235 1292.8041 1292.7848 1292.7657 1292.7468 1292.7281 1292.7096 1292.6913 1292.6731 1292.6552 1292.6375 1292.6199 1292.6026 1292.5855 1292.5685 1292.5518 1292.5353 1292.519 1292.503 1292.4871 1292.4715 1292.4561 1292.441 1292.426 1292.4113 1292.3969 1292.3826 1292.3686 1292.3549 1292.3414 1292.3282 1292.3152 1292.3025 1292.29
1293.4175 1293.394 1293.3706 1293.3474 1293.3244 1293.3015 1293.2787 1293.2562 1293.2337 1293.2114 1293.1893 1293.1673 1293.1455 1293.1238 1293.1023 1293.081 1293.0598 1293.0388 1293.018 1292.9973 1292.9768 1292.9565 1292.9363 1292.9164 1292.8965 1292.8769 1292.8575 1292.8382 1292.8191 1292.8002 1292.7815 1292.7629 1292.7446 1292.7264 1292.7085 1292.6907 1292.6732 1292.6558 1292.6386 1292.6217 1292.6049 1292.5884 1292.5721 1292.556 1292.5401 1292.5244 1292.5089 1292.4937 1292.4787 1292.4639 1292.4494 1292.4351 1292.421 1292.4072 1292.3936 1292.3802 1292.3672 1292.3543 1292.3417 1292.3294
1293.4462 1293.423 1293.3998 1293.3768 1293.354 1293.3313 1293.3087 1293.2863 1293.264 1293.242 1293.22 1293.1982 1293.1766 1293.1551 1293.1338 1293.1127 1293.0917 1293.0709 1293.0502 1293.0297 1293.0094 1292.9893 1292.9693 1292.9495 1292.9299 1292.9104 1292.8911 1292.872 1292.8531 1292.8344 1292.8159 1292.7975 1292.7793 1292.7614 1292.7436 1292.726 1292.7086 1292.6914 1292.6744 1292.6576 1292.6411 1292.6247 1292.6085 1292.5926 1292.5768 1292.5613 1292.546 1292.531 1292.5161 1292.5015 1292.4871 1292.473 1292.4591 1292.4454 1292.4319 1292.4187 1292.4058 1292.3931 1292.3807 1292.3685
1293.4748 1293.4517 1293.4288 1293.406 1293.3833 1293.3608 1293.3384 1293.3162 1293.2942 1293.2723 1293.2505 1293.2289 1293.2075 1293.1862 1293.1651 1293.1441 1293.1233 1293.1027 1293.0822 1293.0619 1293.0418 1293.0218 1293.002 1292.9824 1292.9629 1292.9436 1292.9246 1292.9056 1292.8869 1292.8683 1292.85 1292.8318 1292.8138 1292.796 1292.7784 1292.761 1292.7438 1292.7267 1292.7099 1292.6933 1292.6769 1292.6607 1292.6447 1292.6289 1292.6133 1292.598 1292.5828 1292.5679 1292.5532 1292.5388 1292.5246 1292.5106 1292.4968 1292.4833 1292.47 1292.4569 1292.4441 1292.4316 1292.4193 1292.4072
1293.5032 1293.4803 1293.4575 1293.4349 1293.4125 1293.3901 1293.368 1293.3459 1293.3241 1293.3024 1293.2808 1293.2594 1293.2381 1293.217 1293.1961 1293.1753 1293.1547 1293.1342 1293.1139 1293.0938 1293.0739 1293.0541 1293.0345 1293.015 1292.9957 1292.9766 1292.9577 1292.939 1292.9204 1292.902 1292.8838 1292.8658 1292.848 1292.8304 1292.8129 1292.7957 1292.7786 1292.7618 1292.7451 1292.7287 1292.7124 1292.6964 1292.6806 1292.6649 1292.6495 1292.6343 1292.6194 1292.6046 1292.5901 1292.5758 1292.5617 1292.5478 1292.5342 1292.5208 1292.5077 1292.4948 1292.4821 1292.4697 1292.4575 1292.4456
