Data/yield_sc.tif
NCOLS 166
NROWS 297
XLLCORNER 97.345192
YLLCORNER 5.6160421
DX 0.04996348
DY 0.049990468
NODATA_VALUE -9999
[rows 104 to 129 of 297, columns 0 to 59 of 166]
683.22088 682.89069 682.5529 682.20742 681.85416 681.49308 681.12419 680.74751 680.36319 679.97141 679.57248 679.16684 678.7551 678.33807 677.91683 677.49278 677.06775 676.64411 676.2249 675.81406 675.41665 675.03922 674.69029 674.38094 674.12571 673.94381 673.86078 673.91081 674.14003 674.61082 675.40725 676.63985 678.44336 680.94333 684.11748 687.38178 688.90583 686.1948 679.18973 670.3413 661.52407 653.39413 646.0856 639.62784 633.94622 628.79677 624.02418 619.80245 616.60645 615.0044 615.31175 617.37315 620.71433 624.82755 629.31682 633.91319 638.44709 642.81808 646.97139 650.88144
683.0066 682.66795 682.32113 681.96599 681.60239 681.2302 680.84936 680.4598 680.06156 679.6547 679.2394 678.81593 678.3847 677.94629 677.50152 677.05146 676.59753 676.14162 675.68614 675.23427 674.79007 674.35879 673.94723 673.56415 673.22086 672.93201 672.71649 672.59861 672.60928 672.78684 673.17637 673.82421 674.76011 675.95027 677.19444 677.9635 677.33817 674.4448 669.2554 662.61197 655.43985 648.29063 641.38645 634.75983 628.32531 621.95225 615.61691 609.60925 604.74474 602.27177 602.95682 606.30585 611.22628 616.84685 622.64538 628.33357 633.76094 638.85722 643.59807 647.98481
682.79902 682.45207 682.09638 681.73173 681.35791 680.97473 680.58203 680.17966 679.76752 679.34557 678.91381 678.47234 678.02135 677.56119 677.09234 676.61552 676.1317 675.64219 675.14873 674.65358 674.15968 673.67082 673.19182 672.72884 672.28965 671.88394 671.52365 671.22307 670.99856 670.86707 670.84232 670.92594 671.08923 671.23976 671.17246 670.53044 668.8516 665.77302 661.27477 655.68562 649.4407 642.86458 636.10794 629.17051 621.9411 614.24849 605.94964 597.16227 589.00341 584.61777 586.52132 592.65768 600.24937 608.04256 615.54622 622.55957 629.01569 634.91349 640.2828 645.16612
682.59864 682.2436 681.87924 681.50528 681.12144 680.72747 680.32309 679.90807 679.48218 679.04524 678.5971 678.13765 677.66688 677.18483 676.69168 676.18774 675.6735 675.14966 674.61722 674.07749 673.5322 672.98359 672.43446 671.8883 671.3493 670.82237 670.31289 669.82625 669.36658 668.93438 668.52198 668.1055 667.63192 667.00126 666.04949 664.54907 662.25266 658.98434 654.72358 649.60278 643.81522 637.51042 630.73546 623.42036 615.38063 606.30727 595.70583 582.78109 567.10292 556.29596 563.59524 576.23178 588.02791 598.71506 608.29165 616.81525 624.38812 631.12396 637.13119 642.50684
682.40595 682.04308 681.67031 681.28731 680.89373 680.48922 680.07344 679.64604 679.20667 678.755 678.29072 677.81352 677.32314 676.81936 676.30202 675.77101 675.22632 674.66806 674.09642 673.5118 672.9147 672.30583 671.68602 671.05623 670.41734 669.76995 669.11384 668.44711 667.76466 667.05569 666.29979 665.46111 664.48086 663.26964 661.70425 659.63691 656.92349 653.46527 649.23995 644.29498 638.70151 632.49463 625.62766 617.94935 609.18945 598.908 586.28444 569.27319 540.24461 480.05692 534.8375 558.38027 575.36857 589.46204 601.32125 611.41787 620.10684 627.65448 634.26482 640.09708
682.22146 681.85105 681.47019 681.07848 680.67549 680.26081 679.834 679.39459 678.94212 678.47613 677.99611 677.50158 676.99203 676.46697 675.92589 675.36828 674.79364 674.20147 673.59123 672.96237 672.31428 671.64622 670.95722 670.24596 669.51045 668.74769 667.95298 667.11893 666.23402 665.28044 664.23111 663.04609 661.66872 660.02327 658.01661 655.54724 652.52251 648.87924 644.59598 639.68478 634.1589 627.98553 621.0428 613.09889 603.81034 592.69982 579.01196 561.143 534.88464 504.42781 514.59836 540.24422 563.47613 581.17113 595.21728 606.75142 616.43131 624.68448 631.81042 638.0281
682.04562 681.66804 681.27946 680.87942 680.46745 680.04303 679.60563 679.15471 678.68966 678.20988 677.71471 677.20347 676.67543 676.12981 675.56579 674.98246 674.37886 673.75391 673.1064 672.43491 671.7378 671.01305 670.25813 669.46978 668.64368 667.77398 666.85261 665.86839 664.80567 663.6427 662.34958 660.8861 659.20011 657.22729 654.89408 652.12469 648.85226 645.03116 640.64442 635.69796 630.19241 624.06885 617.14781 609.10737 599.52077 587.91339 573.80102 556.69965 535.9409 505.94935 416.56664 523.67232 554.53252 574.95033 590.60786 603.20449 613.61394 622.38345 629.88486 636.38247
681.87892 681.49456 681.09868 680.69077 680.27028 679.83664 679.38921 678.92736 678.45037 677.95749 677.44793 676.92079 676.37515 675.80997 675.22412 674.61635 673.98525 673.32923 672.64644 671.93475 671.19159 670.41388 669.59778 668.7385 667.82989 666.86402 665.83051 664.71569 663.50157 662.16454 660.67404 658.99125 657.06842 654.84939 652.27206 649.27349 645.79771 641.80552 637.28457 632.2542 626.74776 620.73892 614.01545 606.1255 596.49221 584.56103 569.90518 552.47514 532.89993 510.95791 498.07109 523.15235 550.61896 571.64374 587.98505 601.08542 611.85407 620.88387 628.57872 635.22384
681.72178 681.33108 680.92838 680.51311 680.08465 679.64237 679.18556 678.71346 678.22528 677.72013 677.19706 676.65504 676.09291 675.50942 674.90317 674.27257 673.61584 672.93093 672.21548 671.4667 670.68131 669.85533 668.98394 668.06116 667.07956 666.02979 664.90001 663.67517 662.33621 660.85902 659.21359 657.36306 655.26344 652.86387 650.10821 646.93801 643.29756 639.14221 634.45316 629.2637 623.68621 617.84871 611.59067 604.2266 594.89276 582.86405 567.44667 547.96056 525.21744 502.31457 439.967 521.33739 550.73292 571.47219 587.58219 600.55535 611.25868 620.25801 627.94225 634.58822
681.5746 681.17806 680.76906 680.34699 679.91118 679.46091 678.99542 678.51387 678.01535 677.49887 676.96335 676.4076 675.83029 675.22997 674.60498 673.95347 673.27334 672.56216 671.81713 671.03496 670.21178 669.34296 668.42295 667.44497 666.40074 665.28009 664.07042 662.75615 661.31804 659.73245 657.97061 655.99795 653.77369 651.25067 648.37562 645.08986 641.33057 637.03419 632.14745 626.66666 620.75993 614.9552 609.56974 603.36209 594.85161 583.29023 567.83202 546.68151 516.24121 472.37334 502.79614 531.18452 555.74492 574.46673 589.37507 601.59818 611.82089 620.50469 627.9774 634.47916
681.43779 681.03592 680.62118 680.19292 679.75042 679.29289 678.81952 678.32937 677.82147 677.29471 676.74791 676.17973 675.58871 674.97321 674.33139 673.66116 672.96015 672.22563 671.45447 670.643 669.78694 668.88119 667.91972 666.89529 665.79917 664.62082 663.34747 661.96365 660.45064 658.7859 656.94248 654.88842 652.58619 649.992 647.05498 643.71556 639.90257 635.52756 630.47553 624.59754 617.78295 610.82483 607.06353 603.32533 596.28074 586.01872 572.27645 554.06879 530.11553 510.66044 527.38731 547.0917 564.85113 580.11951 593.03881 604.01538 613.41995 621.54975 628.63808 634.86775
681.31166 680.90502 680.48516 680.05137 679.60288 679.13888 678.65847 678.16067 677.64441 677.10852 676.5517 675.97253 675.36941 674.74056 674.08397 673.39738 672.67823 671.92355 671.12998 670.29359 669.40982 668.4733 667.47776 666.41574 665.27841 664.05527 662.73379 661.29909 659.73351 658.01612 656.1223 654.02316 651.68492 649.06806 646.12577 642.80125 639.02224 634.68939 629.64925 623.62051 615.93483 604.13207 603.56486 604.17078 598.8618 590.509 579.73426 566.98038 554.17416 547.55883 552.38321 563.36998 575.61339 587.34372 597.99179 607.46616 615.84682 623.26111 629.8389 635.69778
681.19653 680.78571 680.36136 679.92273 679.46902 678.99936 678.51282 678.00836 677.48485 676.94105 676.37559 675.78695 675.17343 674.53316 673.86401 673.16358 672.42916 671.65767 670.84555 669.98875 669.08256 668.12151 667.09925 666.00836 664.84015 663.58446 662.22935 660.7609 659.16286 657.41633 655.49941 653.38684 651.04939 648.4532 645.55837 642.3167 638.66728 634.52826 629.78102 624.243 617.67464 610.64743 608.0658 606.62845 602.3248 595.90377 588.10057 579.81427 572.76687 569.57284 571.7536 578.05404 586.31399 595.07615 603.59772 611.55756 618.85081 625.47459 631.47009 636.89455
681.09265 680.67827 680.25009 679.80735 679.3492 678.87476 678.38304 677.87296 677.34335 676.79292 676.22024 675.62372 675.00161 674.35193 673.6725 672.96082 672.21412 671.42921 670.60248 669.72981 668.80646 667.82701 666.78519 665.67377 664.48442 663.20752 661.83197 660.34506 658.73219 656.97674 655.05988 652.96033 650.65413 648.11429 645.31026 642.20709 638.76452 634.93701 630.67973 625.9821 621.0067 616.44058 613.15276 610.25327 606.43379 601.56627 596.08884 590.74789 586.63194 584.93882 586.2904 590.30599 596.03761 602.58755 609.33955 615.93466 622.18865 628.02214 633.4143 638.37521
681.00024 680.58294 680.15162 679.70551 679.24374 678.76541 678.26948 677.75487 677.22036 676.66462 676.08619 675.48343 674.85455 674.19753 673.51015 672.78987 672.03387 671.23895 670.40151 669.51744 668.58208 667.59012 666.53553 665.41139 664.20987 662.92204 661.53778 660.04568 658.43297 656.6854 654.78729 652.72149 650.46955 648.01185 645.32801 642.39772 639.20274 635.73222 631.99647 628.06022 624.10202 620.4277 617.21112 614.15622 610.82584 607.11727 603.27839 599.7997 597.32116 596.45114 597.49934 600.33437 604.5097 609.50425 614.88062 620.33012 625.65824 630.75381 635.56093 640.05818
680.91947 680.49989 680.06614 679.61743 679.15288 678.67156 678.17244 677.6544 677.1162 676.5565 675.9738 675.36646 674.73267 674.0704 673.37739 672.65112 671.88879 671.08723 670.24288 669.35173 668.40926 667.41039 666.34936 665.21968 664.01409 662.72443 661.34161 659.85559 658.25536 656.52899 654.6638 652.64658 650.46404 648.10345 645.55378 642.80751 639.86396 636.7352 633.45634 630.10048 626.78736 623.65078 620.7398 617.95525 615.15641 612.32365 609.61387 607.32763 605.83587 605.46978 606.40075 608.58045 611.78226 615.70151 620.04397 624.57141 629.11148 633.54962 637.81549 641.87006
680.85046 680.42926 679.99379 679.54325 679.07677 678.5934 678.09209 677.57173 677.03107 676.46875 675.88329 675.27304 674.63618 673.9707 673.27437 672.54471 671.77894 670.97398 670.12637 669.23226 668.28731 667.28671 666.22505 665.09632 663.89385 662.61028 661.23754 659.76685 658.18886 656.49372 654.67138 652.712 650.60658 648.34798 645.93243 643.36175 640.64673 637.81159 634.89931 631.9749 629.11949 626.40651 623.86602 621.47421 619.19614 617.04987 615.14023 613.64905 612.7924 612.75853 613.64743 615.44062 618.01501 621.18739 624.76209 628.56368 632.45163 636.32213 640.1035 643.74944
680.79329 680.37112 679.93465 679.48307 679.01551 678.531 678.02853 677.50695 676.96505 676.40146 675.81472 675.20319 674.56508 673.89842 673.20101 672.47044 671.70402 670.89877 670.05137 669.15815 668.21502 667.21745 666.16043 665.03842 663.84538 662.57467 661.21918 659.77129 658.22303 656.56627 654.79303 652.89598 650.86919 648.70924 646.4169 643.9994 641.47346 638.86886 636.23111 633.62088 631.10628 628.74671 626.57549 624.59701 622.80746 621.22688 619.92029 618.99556 618.57959 618.78281 619.66582 621.22164 623.37969 626.02634 629.03079 632.2663 635.62301 639.01305 642.3704 645.64814
680.74798 680.32551 679.88876 679.43691 678.9691 678.48438 677.98174 677.46005 676.91811 676.35458 675.768 675.1568 674.51921 673.85331 673.15699 672.42791 671.66348 670.86087 670.01692 669.12817 668.1908 667.20058 666.1529 665.04272 663.86454 662.61245 661.28013 659.86093 658.34799 656.73443 655.01369 653.17994 651.22884 649.15857 646.97137 644.67574 642.28945 639.84311 637.38376 634.97586 632.69591 630.61704 628.78745 627.21868 625.8987 624.82224 624.0145 623.53353 623.45432 623.84489 624.74482 626.15322 628.02878 630.29969 632.87783 635.67237 638.59941 641.58742 644.57902 647.53046
680.71451 680.29239 679.85606 679.40471 678.93749 678.45347 677.95165 677.43092 676.89011 676.32792 675.74293 675.13359 674.49822 673.83496 673.14178 672.41645 671.65651 670.85927 670.02178 669.14078 668.21274 667.23376 666.19962 665.10571 663.94709 662.71844 661.41414 660.02829 658.55483 656.98768 655.32097 653.54939 651.66865 649.67633 647.57292 645.3637 643.06162 640.69198 638.29966 635.95835 633.77531 631.87515 630.34997 629.20848 628.38769 627.81936 627.47908 627.38941 627.59818 628.15418 629.08917 630.40847 632.08976 634.08815 636.34449 638.79414 641.37403 644.0274 646.70615 649.37155
680.69281 680.27169 679.83648 679.38638 678.92056 678.43812 677.93807 677.41936 676.88082 676.3212 675.73915 675.13316 674.50163 673.84278 673.15468 672.43521 671.68208 670.89274 670.06445 669.1942 668.27872 667.31444 666.29751 665.22376 664.08871 662.88759 661.61533 660.26659 658.83583 657.31734 655.70537 653.9942 652.17831 650.25255 648.21256 646.05539 643.78139 641.39882 638.93559 636.46492 634.14588 632.2362 630.97295 630.36042 630.17858 630.21271 630.3743 630.67156 631.1522 631.86693 632.85176 634.12117 635.66767 637.46542 639.47583 641.6536 643.95204 646.32697 648.73911 651.15528
680.68277 680.26329 679.82986 679.38175 678.91812 678.43812 677.94077 677.42507 676.88989 676.33404 675.75621 675.15498 674.52881 673.87603 673.19482 672.48319 671.73898 670.95986 670.14328 669.28646 668.38642 667.4399 666.44341 665.39319 664.28518 663.11506 661.87822 660.56974 659.18437 657.7165 656.16006 654.50831 652.75352 650.88642 648.89517 646.76395 644.47128 641.98967 639.29332 636.39635 633.47627 631.09212 630.02893 630.31534 631.1682 632.03142 632.78504 633.49017 634.23927 635.1096 636.15335 637.39799 638.84944 640.49653 642.31591 644.27684 646.34541 648.48784 650.67268 652.87222
680.68425 680.267 679.83603 679.3906 678.92993 678.45317 677.95942 677.44769 676.91691 676.36594 675.79355 675.19839 674.57902 673.93385 673.26119 672.5592 671.82588 671.05907 670.25643 669.41545 668.5334 667.60733 666.63411 665.61032 664.53233 663.39621 662.19772 660.93227 659.59482 658.17968 656.6803 655.0887 653.39467 651.5843 649.63733 647.52271 645.19057 642.5587 639.49188 635.78961 631.31875 626.9449 625.89349 628.50328 631.36366 633.41301 634.85266 635.97324 636.97699 637.99141 639.09362 640.3263 641.70757 643.23792 644.90553 646.69069 648.56944 650.51638 652.50678 654.51787
680.69706 680.28263 679.85473 679.41266 678.95568 678.48295 677.99363 677.48677 676.96137 676.41635 675.85053 675.26266 674.6514 674.01526 673.35269 672.66198 671.9413 671.18867 670.40199 669.57896 668.71713 667.81387 666.86634 665.87151 664.82611 663.72657 662.56902 661.34918 660.06216 658.70227 657.26253 655.73398 654.10438 652.35601 650.46168 648.37735 646.02769 643.27576 639.85378 635.1874 627.92462 615.74824 613.30197 624.88541 631.30245 634.71253 636.79376 638.26811 639.47933 640.60846 641.75622 642.97833 644.3025 645.7379 647.28119 648.92087 650.64056 652.42153 654.24454 656.09117
680.72095 680.3099 679.88569 679.44763 678.99501 678.52706 678.04296 677.54183 677.02272 676.48461 675.92642 675.34697 674.74502 674.11921 673.4681 672.79014 672.08367 671.3469 670.57792 669.77469 668.93503 668.05658 667.13685 666.17313 665.16251 664.10181 662.98751 661.81566 660.58163 659.27987 657.90333 656.44266 654.88467 653.2099 651.38805 649.36952 647.06869 644.32765 640.82822 635.84067 627.30509 606.96837 600.64527 624.14392 632.42114 636.45218 638.84932 640.51547 641.84605 643.0409 644.2094 645.41284 646.68393 648.03711 649.47467 650.99089 652.57496 654.21326 655.89098 657.59333
680.75568 680.34855 679.92858 679.49513 679.04753 678.58505 678.10691 677.61229 677.10031 676.57003 676.02042 675.45042 674.85888 674.24456 673.60615 672.94225 672.25136 671.53189 670.78215 670.00031 669.18447 668.33255 667.44237 666.51157 665.53759 664.51764 663.44861 662.32692 661.14837 659.90779 658.59853 657.21161 655.73439 654.14824 652.4246 650.51795 648.35286 645.79883 642.61997 638.37868 632.35712 624.82514 623.61474 630.16086 635.52029 638.90729 641.15632 642.80432 644.14603 645.34734 646.50491 647.67556 648.8915 650.16885 651.51286 652.92143 654.38765 655.90164 657.45203 659.02695
