Data/yield_rb.tif
NCOLS 166
NROWS 297
XLLCORNER 97.345192
YLLCORNER 5.6160421
DX 0.04996348
DY 0.049990468
NODATA_VALUE -9999
[rows 0 to 25 of 297, columns 60 to 119 of 166]
189.30738 188.87729 188.4629 188.06894 187.69868 187.35429 187.03706 186.74763 186.48619 186.25259 186.04644 185.86717 185.71411 185.58648 185.48345 185.40413 185.3476 185.31291 185.29911 185.30522 185.33024 185.37321 185.43314 185.50905 185.59998 185.70498 185.82312 185.95348 186.09517 186.24731 186.40905 186.57956 186.75805 186.94373 187.13586 187.3337 187.53655 187.74374 187.9546 188.16852 188.38488 188.60311 188.82263 189.04291 189.26343 189.48369 189.70322 189.92156 190.13826 190.35291 190.5651 190.77445 190.9806 191.18319 191.3819 191.57642 191.76645 191.95172 192.13197 192.30697
189.81535 189.3163 188.83973 188.39019 187.97055 187.58246 187.22667 186.90333 186.61214 186.35253 186.12375 185.92491 185.75505 185.61315 185.49816 185.40898 185.34453 185.3037 185.28536 185.2884 185.3117 185.35416 185.41469 185.4922 185.58562 185.69392 185.81608 185.95109 186.09799 186.25584 186.42371 186.60074 186.78605 186.97882 187.17825 187.38358 187.59406 187.80897 188.02763 188.24937 188.47357 188.69961 188.92691 189.1549 189.38305 189.61083 189.83774 190.06332 190.2871 190.50865 190.72755 190.94339 191.15581 191.36443 191.56892 191.76895 191.96421 192.15442 192.33932 192.51865
190.34015 189.76534 189.22146 188.71249 188.24061 187.8067 187.4108 187.05238 186.73059 186.44436 186.19251 185.97381 185.78699 185.63077 185.50387 185.40498 185.33283 185.28613 185.2636 185.26398 185.28601 185.32845 185.39009 185.46973 185.5662 185.67836 185.8051 185.94534 186.09803 186.26215 186.43673 186.62082 186.8135 187.01389 187.22116 187.43448 187.65307 187.87619 188.10312 188.33315 188.56563 188.79992 189.03541 189.27151 189.50766 189.74333 189.97799 190.21116 190.44235 190.67112 190.89702 191.11965 191.33862 191.55353 191.76404 191.96982 192.17053 192.36588 192.5556 192.73942
190.87488 190.21808 189.60243 189.03091 188.50462 188.02339 187.58633 187.19211 186.8392 186.52599 186.25085 186.01219 185.8084 185.63795 185.49931 185.39096 185.31143 185.25925 185.23298 185.23119 185.25247 185.29546 185.35881 185.44119 185.54134 185.65799 185.78995 185.93605 186.09515 186.26617 186.44806 186.6398 186.84044 187.04903 187.26468 187.48653 187.71377 187.94561 188.18128 188.42008 188.6613 188.90428 189.14839 189.39302 189.63759 189.88153 190.12432 190.36543 190.60438 190.8407 191.07393 191.30365 191.52945 191.75094 191.96773 192.17949 192.38588 192.58658 192.78131 192.96979
191.41023 190.66641 189.97575 189.3397 188.7578 188.22856 187.74992 187.31966 186.9355 186.59525 186.29685 186.03829 185.81769 185.63323 185.48314 185.3657 185.27922 185.22206 185.19259 185.18923 185.2104 185.25459 185.32032 185.40614 185.51066 185.63251 185.77039 185.92303 186.08923 186.26782 186.45767 186.65772 186.86693 187.08431 187.30894 187.5399 187.77634 188.01742 188.26237 188.51042 188.76086 189.01301 189.26619 189.51978 189.77317 190.02579 190.27709 190.52652 190.77359 191.01781 191.25871 191.49584 191.72877 191.95711 192.18046 192.39846 192.61076 192.81703 193.01697 193.21029
191.93429 191.10048 190.33345 189.63244 188.99502 188.41803 187.89815 187.43214 187.017 186.64996 186.32852 186.05033 185.81321 185.61509 185.45397 185.32792 185.23505 185.17351 185.1415 185.13726 185.15905 185.2052 185.27409 185.36413 185.47379 185.60162 185.74618 185.90614 186.08017 186.26705 186.46557 186.6746 186.89305 187.11988 187.3541 187.59477 187.84098 188.09187 188.34662 188.60446 188.86463 189.12641 189.38913 189.65213 189.91479 190.1765 190.43671 190.69486 190.95042 191.20289 191.4518 191.69667 191.93706 192.17256 192.40275 192.62726 192.84572 193.05779 193.26315 193.4615
192.43267 191.50897 190.66679 189.90243 189.21107 188.58773 188.0277 187.52679 187.08129 186.68796 186.3439 186.04647 185.79326 185.58195 185.41034 185.27628 185.17768 185.11249 185.07872 185.07441 185.09767 185.14665 185.21956 185.31469 185.43038 185.56503 185.71713 185.88522 186.0679 186.26385 186.47179 186.69054 186.91893 187.15588 187.40035 187.65135 187.90794 188.16922 188.43435 188.7025 188.97291 189.24484 189.51757 189.79045 190.06282 190.33407 190.60361 190.87087 191.13531 191.39642 191.65369 191.90664 192.15482 192.39779 192.63513 192.86643 193.09132 193.30943 193.52044 193.72402
192.88915 191.87986 190.96695 190.1432 189.40116 188.73395 188.13561 187.60108 187.12615 186.70719 186.34105 186.02491 185.75612 185.5322 185.35074 185.20939 185.10585 185.03786 185.00323 184.9998 185.02549 185.07827 185.15619 185.25739 185.38007 185.5225 185.68306 185.86017 186.05236 186.25822 186.4764 186.70563 186.94471 187.1925 187.44791 187.7099 187.9775 188.24978 188.52586 188.80489 189.08608 189.36867 189.65192 189.93515 190.2177 190.49892 190.77822 191.05501 191.32874 191.59887 191.86488 192.12628 192.3826 192.63337 192.87817 193.11656 193.34816 193.57258 193.78948 193.99851
193.28704 192.20159 191.22605 190.34937 189.56148 188.85384 188.21951 187.65293 187.14959 186.70573 186.3181 185.98377 185.7 185.46412 185.27356 185.12575 185.01819 184.9484 184.91396 184.91249 184.94171 184.99941 185.08345 185.19181 185.32254 185.47379 185.6438 185.83092 186.03355 186.25021 186.47948 186.72003 186.97059 187.22996 187.49702 187.77069 188.04996 188.33387 188.6215 188.91199 189.20452 189.4983 189.79259 190.08667 190.37986 190.67153 190.96104 191.24779 191.53122 191.81077 192.08592 192.35614 192.62096 192.87988 193.13247 193.37828 193.61689 193.8479 194.07094 194.28565
193.61152 192.46497 191.43853 190.51756 189.68984 188.94575 188.27795 187.68082 187.14999 186.68183 186.2732 185.92119 185.62302 185.3759 185.17709 185.0238 184.9133 184.84285 184.8098 184.81153 184.84554 184.9094 185.0008 185.11753 185.25749 185.41869 185.59926 185.79742 186.0115 186.23992 186.48119 186.73392 186.99678 187.26853 187.54799 187.83405 188.12567 188.42186 188.72167 189.02421 189.32865 189.63417 189.94002 190.24546 190.5498 190.85237 191.15255 191.44971 191.74327 192.03267 192.31735 192.59679 192.87049 193.13794 193.39867 193.65223 193.89817 194.13607 194.36554 194.58618
193.85296 192.66553 191.60283 190.64755 189.78639 189.00967 188.31049 187.68387 187.12603 186.63383 186.20447 185.83518 185.52318 185.26559 185.05948 184.90182 184.78961 184.71985 184.68958 184.69594 184.73616 184.8076 184.90774 185.03418 185.18466 185.35705 185.54936 185.7597 185.98629 186.22748 186.48172 186.74754 187.02357 187.30851 187.60115 187.90035 188.20503 188.51416 188.82679 189.14199 189.45892 189.77675 190.0947 190.41202 190.728 191.04198 191.35329 191.66132 191.96546 192.26513 192.55978 192.84885 193.13183 193.40819 193.67745 193.93912 194.19273 194.43785 194.67404 194.9009
194.01099 192.80626 191.72304 190.7432 189.85411 189.04744 188.31784 187.66177 187.07662 186.5601 186.10991 185.72354 185.39824 185.13101 184.91869 184.75796 184.6455 184.57796 184.55209 184.5647 184.61276 184.69337 184.80378 184.94142 185.10384 185.28878 185.4941 185.71782 185.95807 186.21311 186.48133 186.76119 187.05129 187.35027 187.6569 187.96999 188.28844 188.61121 188.93731 189.26581 189.59583 189.92654 190.25713 190.58687 190.91501 191.24088 191.56382 191.88318 192.19836 192.50876 192.81381 193.11295 193.40562 193.69131 193.96949 194.23966 194.50132 194.75401 194.99726 195.23064
194.09856 192.90002 191.81029 190.81319 189.89906 189.0627 188.30161 187.61457 187.00067 186.45876 185.98719 185.58373 185.24564 184.9697 184.75244 184.59018 184.47917 184.41567 184.39605 184.41679 184.47453 184.56609 184.68851 184.83897 185.01489 185.21384 185.43355 185.67194 185.92705 186.19708 186.48033 186.77523 187.08032 187.39423 187.71567 188.04343 188.3764 188.7135 189.05374 189.39617 189.73989 190.08406 190.42787 190.77056 191.11139 191.44967 191.78472 192.11591 192.4426 192.76419 193.0801 193.38975 193.69257 193.98802 194.27555 194.55463 194.82475 195.08538 195.33606 195.57629
194.14508 192.97111 191.88329 190.87094 189.93003 189.06047 188.26391 187.54224 186.89668 186.3274 185.83342 185.4127 185.06234 184.77881 184.55815 184.39619 184.28867 184.23136 184.22017 184.25119 184.3207 184.42523 184.56155 184.72666 184.91776 185.13228 185.36785 185.62228 185.89353 186.17972 186.4791 186.79008 187.11113 187.44085 187.77795 188.12119 188.46942 188.82157 189.17663 189.53363 189.89167 190.2499 190.60749 190.96368 191.31773 191.66894 192.01662 192.36012 192.69881 193.03208 193.35932 193.67995 193.99338 194.29905 194.59639 194.88484 195.16384 195.43286 195.69135 195.93882
194.19725 193.05507 191.96766 190.93367 189.95755 189.04618 188.20647 187.44397 186.76224 186.1627 185.64485 185.20661 184.8447 184.55499 184.33288 184.17349 184.07192 184.02334 184.02312 184.06689 184.15055 184.27031 184.42265 184.60436 184.81248 185.04428 185.29727 185.56918 185.85789 186.16147 186.47813 186.80623 187.14422 187.49068 187.8443 188.20381 188.56808 188.936 189.30656 189.67878 190.05177 190.42465 190.7966 191.16685 191.53466 191.89932 192.26014 192.61646 192.96765 193.31309 193.65216 193.98427 194.30881 194.6252 194.93283 195.23113 195.5195 195.79735 196.06413 196.31925
194.3166 193.19618 192.09345 191.02023 189.99202 189.02413 188.12942 187.31726 186.59329 185.95986 185.4165 184.96067 184.5883 184.29436 184.07329 183.91931 183.82668 183.78985 183.80357 183.86295 183.96347 184.10097 184.27167 184.47214 184.69923 184.95011 185.22218 185.51307 185.82063 186.14287 186.47798 186.82427 187.1802 187.54433 187.91532 188.29193 188.67299 189.05741 189.44416 189.83226 190.22082 190.60895 190.99585 191.38072 191.76284 192.14147 192.51596 192.88562 193.24983 193.60795 193.95936 194.30346 194.63963 194.96725 195.28571 195.59439 195.89265 196.17987 196.45541 196.71867
194.57315 193.44222 192.29086 191.14761 190.04095 188.99544 188.02983 187.1568 186.38341 185.71213 185.14184 184.66888 184.28786 183.9924 183.77564 183.63063 183.55061 183.52915 183.5603 183.63857 183.75897 183.91702 184.10864 184.33018 184.57837 184.85023 185.14309 185.45454 185.78236 186.12456 186.47929 186.84487 187.21974 187.60247 187.99171 188.38623 188.78485 189.18648 189.5901 189.99474 190.39949 190.80349 191.2059 191.60597 192.00293 192.39609 192.78477 193.1683 193.54604 193.91737 194.28166 194.63829 194.98663 195.32605 195.65591 195.97554 196.28428 196.58143 196.86632 197.13826
195.03517 193.83641 192.58401 191.32619 190.10551 188.95551 187.89989 186.95332 186.123 185.41032 184.8125 184.3239 183.93715 183.64399 183.43585 183.30431 183.24137 183.23959 183.29221 183.3931 183.53682 183.71849 183.93381 184.17892 184.45042 184.74526 185.0607 185.3943 185.74383 186.10729 186.48283 186.86878 187.2636 187.66585 188.0742 188.48743 188.90436 189.32393 189.74511 190.16694 190.58851 191.00897 191.42749 191.8433 192.25567 192.66389 193.06729 193.46522 193.85703 194.24211 194.61982 194.98954 195.35064 195.70246 196.04433 196.37555 196.6954 197.00314 197.29801 197.57926
195.75514 194.40662 192.98282 191.55394 190.17649 188.89142 187.72525 186.69256 185.79872 185.04249 184.41812 183.91701 183.52905 183.24346 183.04957 182.93713 182.89671 182.91971 182.99847 183.12623 183.29705 183.50573 183.74772 184.01904 184.31617 184.63604 184.97588 185.33325 185.70593 186.09195 186.48948 186.89688 187.31262 187.73529 188.1636 188.59633 189.03233 189.47054 189.90996 190.34962 190.78863 191.22614 191.66134 192.09346 192.52179 192.94561 193.36428 193.77713 194.18356 194.58293 194.97463 195.35804 195.73251 196.09736 196.45191 196.79541 197.1271 197.44615 197.75174 198.04301
196.75146 195.15186 193.47355 191.81012 190.23035 188.77956 187.48381 186.35464 185.39324 184.59389 183.94645 183.43831 183.05574 182.78488 182.61244 182.52609 182.51471 182.56844 182.6787 182.83806 183.04014 183.27945 183.55127 183.85152 184.17668 184.52366 184.88972 185.27246 185.66972 186.07957 186.50023 186.93011 187.36772 187.8117 188.26079 188.71378 189.16958 189.62713 190.08543 190.54356 191.00063 191.45579 191.90824 192.35724 192.80206 193.24203 193.67649 194.10481 194.52639 194.94062 195.3469 195.7446 196.13308 196.51165 196.87961 197.23616 197.58047 197.91166 198.22881 198.53094
197.98605 196.02673 194.0089 192.04955 190.22632 188.58444 187.14537 185.91425 184.88564 184.04744 183.38382 182.87708 182.50911 182.26235 182.12044 182.06866 182.09402 182.18535 182.33312 182.52929 182.76709 183.04085 183.34577 183.67776 184.03333 184.40946 184.80353 185.2132 185.63641 186.0713 186.51618 186.96953 187.42992 187.89605 188.36669 188.8407 189.31699 189.79454 190.27239 190.74961 191.22534 191.69873 192.16901 192.63544 193.0973 193.55394 194.00473 194.44906 194.88633 195.31598 195.73742 196.15004 196.55321 196.94624 197.32838 197.69882 198.05667 198.40094 198.73061 199.04458
199.33984 196.92664 194.50033 192.19956 190.10595 188.25953 186.67297 185.34206 184.25259 183.38478 182.71599 182.22262 181.88146 181.67066 181.5704 181.56326 181.6343 181.77096 181.96284 182.2014 182.47962 182.79176 183.13305 183.49953 183.88784 184.29512 184.71888 185.15695 185.60738 186.06844 186.53856 187.01629 187.50031 187.98936 188.4823 188.97802 189.47548 189.9737 190.47172 190.96864 191.46362 191.95583 192.44449 192.92889 193.40834 193.88218 194.34982 194.81067 195.26419 195.70982 196.14702 196.57522 196.99378 197.40203 197.79922 198.18448 198.55686 198.91529 199.2586 199.58555
200.59553 197.68066 194.81753 192.16284 189.79727 187.75151 186.02668 184.60769 183.47084 182.58812 181.92966 181.46541 181.16645 181.00613 180.96074 181.00991 181.13665 181.32711 181.57015 181.85689 182.18027 182.53467 182.91553 183.31912 183.74235 184.1826 184.6376 185.10537 185.58418 186.07243 186.56869 187.07163 187.58004 188.09274 188.60866 189.12675 189.64602 190.16552 190.68432 191.20155 191.71637 192.22796 192.73557 193.23849 193.73604 194.2276 194.7126 195.1905 195.66078 196.12296 196.57652 197.02093 197.45562 197.87993 198.29308 198.69419 199.08223 199.45604 199.8143 200.15559
201.44699 198.06459 194.80207 191.82998 189.22536 187.00867 185.17005 183.68474 182.52087 181.64313 181.01472 180.59894 180.36069 180.26788 180.29247 180.41096 180.6043 180.85746 181.15883 181.4995 181.87262 182.27293 182.69626 183.13932 183.59939 184.07418 184.56174 185.06036 185.56851 186.08482 186.60799 187.13687 187.67033 188.20733 188.74685 189.28792 189.8296 190.37097 190.91115 191.44928 191.98451 192.51606 193.04317 193.56514 194.08132 194.5911 195.09396 195.58939 196.07695 196.5562 197.02671 197.48801 197.93957 198.38079 198.8109 199.22899 199.63398 200.02458 200.39931 200.75652
201.55944 197.84647 194.30106 191.10389 188.33 185.99382 184.07958 182.55774 181.39217 180.54289 179.96738 179.6223 179.46575 179.45948 179.57058 179.77218 180.04327 180.36797 180.73455 181.13444 181.56137 182.01072 182.47898 182.96343 183.46186 183.97245 184.49361 185.02396 185.56222 186.10726 186.65798 187.21337 187.77245 188.33429 188.89796 189.46257 190.02722 190.59104 191.15318 191.71277 192.269 192.82108 193.36824 193.90981 194.44512 194.97363 195.49482 196.00825 196.51356 197.01039 197.49839 197.97722 198.44641 198.90544 199.35357 199.78989 200.21327 200.62227 201.01525 201.39029
200.68286 196.86277 193.21688 189.93238 187.08761 184.69966 182.75603 181.23071 180.08994 179.29332 178.79453 178.54366 178.49104 178.59119 178.80562 179.10389 179.46326 179.86742 180.30508 180.7685 181.2524 181.75313 182.26805 182.79521 183.33305 183.88026 184.43571 184.99836 185.56725 186.14149 186.7202 187.30254 187.88768 188.47481 189.06311 189.65175 190.23989 190.82672 191.41137 191.99302 192.57083 193.14401 193.7118 194.2735 194.82846 195.37616 195.91613 196.448 196.97148 197.48634 197.99236 198.48931 198.97688 199.45463 199.92191 200.37783 200.8212 201.25049 201.6638 202.05893
