Data/yield_sc.tif
NCOLS 166
NROWS 297
XLLCORNER 97.345192
YLLCORNER 5.6160421
DX 0.04996348
DY 0.049990468
NODATA_VALUE -9999
[rows 182 to 207 of 297, columns 60 to 119 of 166]
690.30766 690.4763 690.64898 690.82555 691.00582 691.18965 691.37684 691.56725 691.76068 691.95697 692.15595 692.35743 692.56126 692.76725 692.97523 693.18504 693.39652 693.60949 693.8238 694.0393 694.25582 694.47323 694.69137 694.9101 695.12929 695.3488 695.56851 695.78829 696.00802 696.22758 696.44688 696.66579 696.88423 697.10208 697.31927 697.53569 697.75128 697.96594 698.1796 698.39219 698.60364 698.81388 699.02286 699.23052 699.4368 699.64164 699.84501 700.04686 700.24714 700.44581 700.64283 700.83818 701.03181 701.2237 701.41382 701.60214 701.78864 701.97329 702.15607 702.33696
690.52501 690.68974 690.85838 691.03079 691.20681 691.38627 691.56903 691.7549 691.94374 692.13537 692.32964 692.52636 692.72538 692.92654 693.12968 693.33462 693.54122 693.74931 693.95875 694.16938 694.38106 694.59364 694.80698 695.02095 695.23541 695.45024 695.6653 695.88048 696.09567 696.31075 696.52561 696.74015 696.95427 697.16788 697.38089 697.5932 697.80473 698.01542 698.22517 698.43392 698.6416 698.84815 699.0535 699.25761 699.4604 699.66183 699.86186 700.06044 700.25751 700.45305 700.64701 700.83937 701.03007 701.2191 701.40643 701.59202 701.77585 701.9579 702.13814 702.31656
690.73718 690.89814 691.06291 691.23132 691.40324 691.57851 691.75699 691.93851 692.12292 692.31006 692.49978 692.69192 692.88631 693.08281 693.28126 693.4815 693.68339 693.88677 694.09149 694.29742 694.5044 694.71231 694.921 695.13035 695.34022 695.55049 695.76105 695.97176 696.18253 696.39324 696.60379 696.81407 697.02399 697.23345 697.44238 697.65067 697.85825 698.06504 698.27097 698.47596 698.67996 698.88288 699.08468 699.2853 699.48467 699.68276 699.8795 700.07486 700.26879 700.46125 700.6522 700.8416 701.02942 701.21563 701.4002 701.5831 701.76431 701.94379 702.12153 702.2975
690.94435 691.10169 691.26272 691.42728 691.59526 691.7665 691.94085 692.11818 692.29832 692.48114 692.66648 692.85419 693.04412 693.23612 693.43005 693.62575 693.82308 694.0219 694.22206 694.42343 694.62587 694.82925 695.03344 695.2383 695.44372 695.64957 695.85574 696.06212 696.26859 696.47504 696.68139 696.88752 697.09334 697.29877 697.50371 697.70807 697.91179 698.11478 698.31697 698.51828 698.71866 698.91804 699.11635 699.31355 699.50957 699.70437 699.89789 700.09009 700.28092 700.47035 700.65833 700.84483 701.02982 701.21325 701.39511 701.57535 701.75396 701.93091 702.10618 702.27974
691.1467 691.30055 691.45797 691.61883 691.78301 691.95036 692.12075 692.29403 692.47006 692.64871 692.82982 693.01326 693.19888 693.38654 693.5761 693.76741 693.96034 694.15475 694.3505 694.54746 694.7455 694.94449 695.1443 695.34482 695.54591 695.74747 695.94939 696.15154 696.35383 696.55615 696.7584 696.96048 697.16231 697.3638 697.56485 697.76538 697.96532 698.16459 698.36312 698.56084 698.75768 698.95358 699.14848 699.34233 699.53506 699.72662 699.91698 700.10607 700.29387 700.48032 700.66538 700.84903 701.03121 701.21191 701.39109 701.56872 701.74478 701.91923 702.09206 702.26323
691.34437 691.49486 691.64881 691.80611 691.96662 692.13023 692.29679 692.46617 692.63824 692.81286 692.9899 693.16922 693.35068 693.53414 693.71948 693.90655 694.09522 694.28536 694.47684 694.66953 694.86331 695.05804 695.25362 695.44991 695.64681 695.8442 696.04197 696.24002 696.43824 696.63653 696.8348 697.03294 697.23088 697.42852 697.62577 697.82256 698.01882 698.21445 698.40941 698.6036 698.79698 698.98948 699.18103 699.37158 699.56109 699.74949 699.93673 700.12278 700.30759 700.49111 700.6733 700.85413 701.03357 701.21158 701.38812 701.56318 701.73671 701.9087 702.07912 702.24794
691.53754 691.68478 691.83539 691.98925 692.14623 692.30622 692.46909 692.63471 692.80296 692.9737 693.1468 693.32214 693.49958 693.67899 693.86024 694.04321 694.22777 694.41378 694.60112 694.78967 694.97932 695.16993 695.36139 695.55359 695.74641 695.93976 696.13351 696.32756 696.52183 696.71619 696.91058 697.10488 697.29902 697.49291 697.68646 697.8796 698.07225 698.26433 698.45578 698.64654 698.83652 699.02568 699.21396 699.40129 699.58763 699.77292 699.95711 700.14017 700.32204 700.50268 700.68205 700.86012 701.03685 701.2122 701.38615 701.55867 701.72972 701.89928 702.06732 702.23383
691.72634 691.87046 692.01784 692.16838 692.32196 692.47846 692.63777 692.79976 692.96431 693.1313 693.30061 693.4721 693.64566 693.82115 693.99846 694.17746 694.35803 694.54004 694.72338 694.90792 695.09356 695.28017 695.46764 695.65587 695.84474 696.03414 696.22398 696.41416 696.60457 696.79512 696.98572 697.17629 697.36672 697.55695 697.74689 697.93646 698.12558 698.3142 698.50223 698.68961 698.87628 699.06217 699.24724 699.43141 699.61464 699.79688 699.97808 700.1582 700.33718 700.51499 700.69159 700.86694 701.041 701.21375 701.38514 701.55515 701.72376 701.89092 702.05662 702.22084
691.91093 692.05202 692.19629 692.34363 692.49392 692.64706 692.80293 692.96141 693.1224 693.28577 693.4514 693.61918 693.78898 693.96069 694.13418 694.30934 694.48605 694.66419 694.84365 695.02431 695.20606 695.38879 695.5724 695.75676 695.94179 696.12737 696.31341 696.4998 696.68647 696.8733 697.06022 697.24714 697.43397 697.62062 697.80703 697.99312 698.17881 698.36403 698.54871 698.7328 698.91622 699.09891 699.28083 699.46191 699.6421 699.82135 699.99961 700.17684 700.35299 700.52802 700.70189 700.87456 701.046 701.21618 701.38506 701.5526 701.71879 701.8836 702.04699 702.20895
692.09143 692.22961 692.37087 692.51511 692.66223 692.81212 692.96467 693.11977 693.27731 693.43718 693.59927 693.76345 693.92962 694.09767 694.26747 694.43891 694.61188 694.78627 694.96197 695.13887 695.31685 695.49582 695.67566 695.85628 696.03757 696.21944 696.40178 696.5845 696.76752 696.95074 697.13407 697.31743 697.50074 697.68391 697.86688 698.04956 698.23189 698.4138 698.59521 698.77607 698.95631 699.13588 699.31471 699.49275 699.66996 699.84627 700.02165 700.19604 700.36941 700.54171 700.7129 700.88295 701.05181 701.21946 701.38586 701.55098 701.71479 701.87727 702.03839 702.19812
692.26798 692.40334 692.5417 692.68295 692.827 692.97375 693.12309 693.27493 693.42914 693.58563 693.74428 693.90499 694.06765 694.23214 694.39837 694.56621 694.73557 694.90633 695.07838 695.25162 695.42596 695.60127 695.77747 695.95444 696.13211 696.31036 696.48911 696.66826 696.84772 697.02742 697.20725 697.38715 697.56703 697.7468 697.92641 698.10577 698.28482 698.46348 698.6417 698.8194 698.99653 699.17303 699.34884 699.52391 699.69819 699.87163 700.04418 700.21579 700.38643 700.55604 700.7246 700.89206 701.05838 701.22354 701.38751 701.55024 701.71171 701.8719 702.03077 702.1883
692.44071 692.57334 692.70889 692.84726 692.98834 693.13206 693.2783 693.42697 693.57796 693.73118 693.88651 694.04386 694.20312 694.36418 694.52695 694.69131 694.85715 695.02439 695.19291 695.36261 695.5334 695.70517 695.87782 696.05126 696.2254 696.40014 696.57539 696.75107 696.92708 697.10334 697.27977 697.45629 697.63282 697.80928 697.98561 698.16173 698.33757 698.51306 698.68815 698.86277 699.03685 699.21035 699.38321 699.55537 699.72678 699.89739 700.06716 700.23605 700.404 700.57098 700.73694 700.90186 701.06569 701.22841 701.38997 701.55035 701.70951 701.86744 702.0241 702.17948
692.60972 692.73973 692.87256 693.00813 693.14635 693.28713 693.43037 693.57598 693.72386 693.87391 694.02604 694.18013 694.3361 694.49384 694.65325 694.81423 694.97668 695.14051 695.3056 695.47187 695.63921 695.80754 695.97675 696.14676 696.31747 696.48879 696.66065 696.83293 697.00558 697.1785 697.35161 697.52484 697.6981 697.87134 698.04446 698.21741 698.39012 698.56252 698.73455 698.90615 699.07725 699.24781 699.41777 699.58708 699.75568 699.92352 700.09057 700.25677 700.42209 700.58648 700.74991 700.91233 701.07371 701.23401 701.39321 701.55128 701.70817 701.86388 702.01836 702.1716
692.77515 692.9026 693.03281 693.16568 693.30113 693.43907 693.57941 693.72206 693.86692 694.01391 694.16293 694.31387 694.46665 694.62117 694.77734 694.93504 695.0942 695.25471 695.41648 695.57941 695.74342 695.9084 696.07427 696.24094 696.40832 696.57633 696.74487 696.91386 697.08323 697.2529 697.42278 697.59279 697.76288 697.93295 698.10296 698.27281 698.44246 698.61183 698.78087 698.94952 699.11771 699.28539 699.45251 699.61902 699.78487 699.95 700.11438 700.27795 700.44068 700.60253 700.76345 700.92342 701.08239 701.24033 701.3972 701.55299 701.70765 701.86116 702.0135 702.16463
692.93709 693.06208 693.18974 693.32 693.45276 693.58795 693.72549 693.86527 694.00722 694.15124 694.29725 694.44514 694.59484 694.74624 694.89925 695.05378 695.20975 695.36705 695.52559 695.68529 695.84605 696.00779 696.17041 696.33384 696.49798 696.66275 696.82807 696.99386 697.16004 697.32653 697.49326 697.66015 697.82713 697.99413 698.16108 698.32791 698.49457 698.66099 698.8271 698.99286 699.1582 699.32307 699.48741 699.65118 699.81432 699.97679 700.13855 700.29954 700.45974 700.61909 700.77756 700.93511 701.09171 701.24732 701.40191 701.55545 701.70791 701.85927 702.00949 702.15855
693.09566 693.21826 693.34346 693.47118 693.60135 693.73388 693.86869 694.0057 694.14483 694.28598 694.42907 694.574 694.72071 694.86908 695.01904 695.1705 695.32337 695.47755 695.63296 695.78952 695.94713 696.10571 696.26518 696.42545 696.58644 696.74807 696.91026 697.07293 697.236 697.3994 697.56306 697.7269 697.89085 698.05484 698.21882 698.3827 698.54644 698.70997 698.87322 699.03615 699.1987 699.36081 699.52243 699.68352 699.84402 700.00388 700.16307 700.32153 700.47923 700.63613 700.79219 700.94737 701.10164 701.25496 701.4073 701.55864 701.70894 701.85816 702.0063 702.15332
693.25096 693.37125 693.49406 693.61933 693.74698 693.87693 694.00911 694.14343 694.27982 694.41818 694.55845 694.70052 694.84432 694.98977 695.13677 695.28524 695.4351 695.58625 695.73863 695.89213 696.04669 696.2022 696.35861 696.51581 696.67374 696.83231 696.99145 697.15108 697.31112 697.47151 697.63217 697.79303 697.95403 698.1151 698.27616 698.43717 698.59805 698.75875 698.91922 699.07938 699.2392 699.39861 699.55757 699.71602 699.87393 700.03123 700.1879 700.34388 700.49914 700.65363 700.80732 700.96017 701.11215 701.26322 701.41335 701.56252 701.71068 701.85782 702.0039 702.14891
693.40309 693.52113 693.64163 693.76452 693.88973 694.01719 694.14681 694.27853 694.41226 694.54793 694.68545 694.82475 694.96574 695.10834 695.25247 695.39804 695.54498 695.6932 695.84262 695.99317 696.14475 696.29729 696.45071 696.60493 696.75987 696.91547 697.07164 697.22831 697.3854 697.54286 697.7006 697.85856 698.01668 698.17488 698.33311 698.4913 698.6494 698.80734 698.96507 699.12253 699.27967 699.43644 699.59279 699.74867 699.90403 700.05883 700.21303 700.36657 700.51943 700.67156 700.82292 700.97349 701.12321 701.27207 701.42003 701.56706 701.71312 701.8582 702.00226 702.14529
693.55213 693.668 693.78625 693.90684 694.02969 694.15472 694.28187 694.41106 694.54222 694.67528 694.81014 694.94674 695.085 695.22485 695.36619 695.50895 695.65306 695.79843 695.94498 696.09264 696.24134 696.39098 696.5415 696.69282 696.84487 696.99756 697.15084 697.30463 697.45885 697.61345 697.76834 697.92347 698.07878 698.23419 698.38964 698.54509 698.70046 698.8557 699.01076 699.16558 699.3201 699.47429 699.62808 699.78144 699.93431 700.08665 700.23842 700.38958 700.54008 700.68989 700.83897 700.98729 701.1348 701.28149 701.42731 701.57223 701.71623 701.85928 702.00136 702.14243
693.69819 693.81194 693.92802 694.04637 694.16693 694.28961 694.41436 694.54111 694.66977 694.80029 694.93257 695.06656 695.20218 695.33934 695.47797 695.61801 695.75936 695.90196 696.04573 696.1906 696.33648 696.48331 696.63101 696.77951 696.92873 697.07861 697.22907 697.38005 697.53147 697.68328 697.8354 697.98777 698.14033 698.29301 698.44576 698.59852 698.75123 698.90384 699.05628 699.20851 699.36048 699.51214 699.66343 699.81431 699.96474 700.11468 700.26407 700.41288 700.56107 700.7086 700.85544 701.00155 701.14689 701.29144 701.43515 701.57801 701.71998 701.86104 702.00115 702.1403
693.84134 693.95304 694.06702 694.1832 694.30153 694.42193 694.54436 694.66872 694.79497 694.92302 695.05281 695.18426 695.3173 695.45186 695.58787 695.72526 695.86394 696.00385 696.14491 696.28706 696.43021 696.5743 696.71925 696.865 697.01148 697.15861 697.30633 697.45457 697.60327 697.75236 697.90177 698.05145 698.20133 698.35135 698.50146 698.6516 698.80171 698.95173 699.10162 699.25132 699.40079 699.54996 699.69881 699.84727 699.99531 700.14288 700.28994 700.43645 700.58238 700.72768 700.87231 701.01625 701.15946 701.3019 701.44355 701.58438 701.72435 701.86344 702.00162 702.13888
693.98167 694.09139 694.20331 694.31739 694.43356 694.55176 694.67192 694.79398 694.91787 695.04353 695.17089 695.29988 695.43043 695.56247 695.69593 695.83073 695.96682 696.10411 696.24255 696.38205 696.52254 696.66397 696.80625 696.94933 697.09313 697.23759 697.38264 697.52821 697.67425 697.82069 697.96746 698.11451 698.26178 698.40921 698.55674 698.70431 698.85188 698.99938 699.14677 699.294 699.44101 699.58776 699.7342 699.8803 700.02599 700.17125 700.31602 700.46028 700.60398 700.74708 700.88956 701.03136 701.17247 701.31285 701.45247 701.5913 701.7293 701.86646 702.00275 702.13813
694.11926 694.22705 694.33698 694.44902 694.56309 694.67914 694.79711 694.91693 695.03855 695.16189 695.28689 695.41348 695.54161 695.6712 695.80217 695.93448 696.06804 696.20279 696.33867 696.4756 696.61351 696.75234 696.89203 697.03251 697.1737 697.31555 697.458 697.60098 697.74442 697.88827 698.03247 698.17696 698.32168 698.46657 698.61158 698.75665 698.90173 699.04677 699.19171 699.33652 699.48113 699.62551 699.7696 699.91337 700.05677 700.19976 700.34229 700.48434 700.62585 700.7668 700.90716 701.04687 701.18592 701.32427 701.46189 701.59875 701.73482 701.87008 702.00449 702.13804
694.2542 694.3601 694.46811 694.57816 694.69019 694.80416 694.92 695.03765 695.15704 695.27813 695.40084 695.52512 695.65089 695.77809 695.90666 696.03653 696.16764 696.29992 696.43331 696.56773 696.70313 696.83945 696.9766 697.11454 697.2532 697.39252 697.53243 697.67287 697.81379 697.95512 698.09681 698.23879 698.38102 698.52343 698.66598 698.8086 698.95126 699.09389 699.23644 699.37888 699.52114 699.6632 699.80499 699.94648 700.08763 700.2284 700.36873 700.50861 700.64798 700.78682 700.92509 701.06275 701.19977 701.33612 701.47178 701.60671 701.74088 701.87426 702.00684 702.13858
694.38654 694.49063 694.59675 694.70487 694.81493 694.92687 695.04064 695.15618 695.27342 695.39232 695.51281 695.63482 695.7583 695.88319 696.00942 696.13693 696.26565 696.39553 696.52649 696.65848 696.79144 696.9253 697.05999 697.19546 697.33165 697.46849 697.60593 697.74391 697.88236 698.02123 698.16047 698.30001 698.43981 698.5798 698.71994 698.86018 699.00046 699.14073 699.28095 699.42107 699.56104 699.70081 699.84036 699.97962 700.11856 700.25714 700.39533 700.53307 700.67035 700.80711 700.94333 701.07897 701.21401 701.3484 701.48212 701.61515 701.74745 701.87899 702.00976 702.13972
694.51638 694.61869 694.72299 694.82923 694.93737 695.04734 695.1591 695.27258 695.38774 695.5045 695.62283 695.74265 695.86391 695.98654 696.11049 696.2357 696.3621 696.48964 696.61825 696.74788 696.87845 697.00992 697.14221 697.27528 697.40906 697.5435 697.67853 697.81409 697.95014 698.08662 698.22346 698.36062 698.49804 698.63567 698.77346 698.91136 699.04932 699.18729 699.32522 699.46307 699.6008 699.73835 699.87568 700.01276 700.14954 700.28599 700.42206 700.55772 700.69293 700.82766 700.96187 701.09553 701.22861 701.36108 701.4929 701.62406 701.75452 701.88425 702.01324 702.14145
