Data/yield_cf.tif
NCOLS 166
NROWS 297
XLLCORNER 97.345192
YLLCORNER 5.6160421
DX 0.04996348
DY 0.049990468
NODATA_VALUE -9999
[rows 0 to 25 of 297, columns 60 to 119 of 166]
3747.3933 3747.04 3746.663 3746.2625 3745.8389 3745.3924 3744.9236 3744.433 3743.9211 3743.3885 3742.8358 3742.2638 3741.6732 3741.0648 3740.4393 3739.7977 3739.1408 3738.4695 3737.7847 3737.0873 3736.3783 3735.6587 3734.9293 3734.1911 3733.4451 3732.6922 3731.9333 3731.1693 3730.4011 3729.6297 3728.8557 3728.0802 3727.3037 3726.5273 3725.7514 3724.9769 3724.2045 3723.4348 3722.6683 3721.9057 3721.1475 3720.3942 3719.6462 3718.904 3718.1681 3717.4387 3716.7162 3716.0009 3715.293 3714.5929 3713.9007 3713.2165 3712.5406 3711.873 3711.2139 3710.5633 3709.9212 3709.2878 3708.663 3708.0467
3748.3792 3748.0196 3747.6352 3747.2263 3746.7931 3746.3361 3745.8557 3745.3525 3744.827 3744.28 3743.712 3743.1238 3742.5162 3741.8901 3741.2463 3740.5857 3739.9092 3739.2178 3738.5124 3737.7941 3737.0638 3736.3226 3735.5714 3734.8112 3734.0431 3733.268 3732.4869 3731.7008 3730.9107 3730.1173 3729.3216 3728.5246 3727.7269 3726.9295 3726.133 3725.3383 3724.546 3723.7568 3722.9713 3722.1901 3721.4138 3720.6429 3719.8778 3719.1191 3718.367 3717.622 3716.8845 3716.1547 3715.4328 3714.7192 3714.014 3713.3174 3712.6296 3711.9506 3711.2805 3710.6195 3709.9675 3709.3245 3708.6906 3708.0658
3749.396 3749.03 3748.638 3748.2203 3747.7772 3747.3092 3746.8168 3746.3004 3745.7609 3745.1987 3744.6147 3744.0096 3743.3843 3742.7397 3742.0766 3741.3961 3740.699 3739.9866 3739.2597 3738.5194 3737.7668 3737.0029 3736.2289 3735.4457 3734.6545 3733.8563 3733.052 3732.2428 3731.4297 3730.6135 3729.7952 3728.9757 3728.156 3727.3368 3726.5189 3725.7032 3724.8903 3724.0809 3723.2758 3722.4754 3721.6804 3720.8913 3720.1086 3719.3328 3718.5642 3717.8032 3717.0503 3716.3056 3715.5694 3714.8421 3714.1237 3713.4145 3712.7145 3712.0239 3711.3428 3710.6712 3710.0091 3709.3566 3708.7136 3708.08
3750.4451 3750.0725 3749.6727 3749.246 3748.7927 3748.3133 3747.8083 3747.2783 3746.724 3746.146 3745.5452 3744.9224 3744.2785 3743.6145 3742.9312 3742.2298 3741.5112 3740.7767 3740.0272 3739.2639 3738.4879 3737.7003 3736.9024 3736.0951 3735.2797 3734.4573 3733.6288 3732.7955 3731.9583 3731.1183 3730.2765 3729.4337 3728.591 3727.7491 3726.9091 3726.0715 3725.2373 3724.407 3723.5815 3722.7613 3721.947 3721.1392 3720.3384 3719.5449 3718.7594 3717.982 3717.2132 3716.4534 3715.7026 3714.9612 3714.2294 3713.5073 3712.795 3712.0927 3711.4004 3710.7181 3710.0458 3709.3837 3708.7315 3708.0892
3751.5282 3751.1489 3750.7411 3750.3051 3749.8412 3749.3499 3748.8318 3748.2876 3747.7178 3747.1233 3746.505 3745.8636 3745.2002 3744.5157 3743.8113 3743.0879 3742.3468 3741.589 3740.8158 3740.0284 3739.2278 3738.4155 3737.5924 3736.76 3735.9192 3735.0714 3734.2177 3733.3591 3732.4969 3731.632 3730.7656 3729.8986 3729.0319 3728.1665 3727.3033 3726.4432 3725.5868 3724.735 3723.8884 3723.0477 3722.2135 3721.3863 3720.5668 3719.7553 3718.9523 3718.1581 3717.3731 3716.5977 3715.832 3715.0763 3714.3308 3713.5956 3712.8708 3712.1566 3711.4529 3710.7599 3710.0774 3709.4055 3708.7442 3708.0932
3752.647 3752.2609 3751.8448 3751.3992 3750.9243 3750.4207 3749.889 3749.3298 3748.7439 3748.1321 3747.4953 3746.8345 3746.1506 3745.4447 3744.718 3743.9716 3743.2067 3742.4246 3741.6265 3740.8137 3739.9874 3739.149 3738.2996 3737.4407 3736.5735 3735.6991 3734.8189 3733.934 3733.0456 3732.1548 3731.2627 3730.3703 3729.4788 3728.5889 3727.7017 3726.8181 3725.9387 3725.0645 3724.1961 3723.3342 3722.4795 3721.6324 3720.7936 3719.9635 3719.1426 3718.3312 3717.5296 3716.7383 3715.9573 3715.187 3714.4276 3713.6791 3712.9417 3712.2154 3711.5003 3710.7964 3710.1036 3709.422 3708.7514 3708.0917
3753.8034 3753.4103 3752.9857 3752.5301 3752.0438 3751.5274 3750.9815 3750.4067 3749.8039 3749.174 3748.5178 3747.8365 3747.1311 3746.4028 3745.6526 3744.882 3744.0922 3743.2845 3742.4602 3741.6207 3740.7674 3739.9016 3739.0246 3738.138 3737.2429 3736.3408 3735.4328 3734.5203 3733.6045 3732.6867 3731.7678 3730.8491 3729.9316 3729.0163 3728.1041 3727.1961 3726.2929 3725.3955 3724.5046 3723.6208 3722.7448 3721.8772 3721.0186 3720.1694 3719.33 3718.5009 3717.6824 3716.8747 3716.0782 3715.2931 3714.5195 3713.7575 3713.0072 3712.2687 3711.5421 3710.8272 3710.1241 3709.4327 3708.7529 3708.0846
3754.9992 3754.599 3754.1658 3753.6999 3753.2017 3752.672 3752.1112 3751.5201 3750.8996 3750.2506 3749.5742 3748.8714 3748.1433 3747.3913 3746.6166 3745.8205 3745.0044 3744.1697 3743.3179 3742.4504 3741.5686 3740.674 3739.7681 3738.8523 3737.9281 3736.9968 3736.0598 3735.1185 3734.1741 3733.2279 3732.2811 3731.3349 3730.3903 3729.4485 3728.5104 3727.577 3726.6492 3725.7277 3724.8135 3723.907 3723.0092 3722.1204 3721.2414 3720.3725 3719.5142 3718.667 3717.8311 3717.0068 3716.1944 3715.3941 3714.6061 3713.8304 3713.0671 3712.3163 3711.578 3710.8521 3710.1386 3709.4374 3708.7484 3708.0715
3756.2366 3755.8292 3755.387 3754.9105 3754.4001 3753.8564 3753.2801 3752.6719 3752.0329 3751.3639 3750.6661 3749.9407 3749.1888 3748.4119 3747.6112 3746.7883 3745.9445 3745.0815 3744.2006 3743.3036 3742.3919 3741.4671 3740.5307 3739.5844 3738.6295 3737.6676 3736.7002 3735.7287 3734.7543 3733.7785 3732.8026 3731.8277 3730.855 3729.8856 3728.9205 3727.9608 3727.0073 3726.061 3725.1225 3724.1927 3723.2722 3722.3617 3721.4616 3720.5725 3719.6948 3718.829 3717.9753 3717.1341 3716.3055 3715.4898 3714.6871 3713.8975 3713.121 3712.3578 3711.6077 3710.8708 3710.1469 3709.4359 3708.7377 3708.0521
3757.5179 3757.1031 3756.6517 3756.1643 3755.6411 3755.0829 3754.4903 3753.8643 3753.2058 3752.5158 3751.7955 3751.0463 3750.2693 3749.4661 3748.6381 3747.7869 3746.9139 3746.021 3745.1096 3744.1815 3743.2382 3742.2816 3741.3132 3740.3347 3739.3477 3738.3538 3737.3544 3736.3512 3735.3455 3734.3388 3733.3324 3732.3276 3731.3255 3730.3274 3729.3343 3728.3472 3727.3672 3726.395 3725.4315 3724.4775 3723.5337 3722.6007 3721.6789 3720.7691 3719.8715 3718.9866 3718.1147 3717.2561 3716.411 3715.5796 3714.7621 3713.9584 3713.1687 3712.3929 3711.631 3710.8829 3710.1486 3709.4278 3708.7205 3708.0264
3758.8453 3758.4231 3757.9624 3757.4635 3756.9271 3756.3537 3755.7442 3755.0994 3754.4204 3753.7083 3752.9644 3752.1901 3751.3866 3750.5557 3749.6989 3748.8177 3747.9141 3746.9895 3746.0459 3745.085 3744.1086 3743.1185 3742.1164 3741.1041 3740.0832 3739.0556 3738.0228 3736.9864 3735.9479 3734.9088 3733.8706 3732.8345 3731.8018 3730.7738 3729.7515 3728.736 3727.7284 3726.7295 3725.7401 3724.7612 3723.7932 3722.837 3721.893 3720.9618 3720.0438 3719.1394 3718.2489 3717.3726 3716.5107 3715.6634 3714.8307 3714.0128 3713.2096 3712.4211 3711.6474 3710.8882 3710.1434 3709.4129 3708.6965 3707.994
3760.2216 3759.7919 3759.3215 3758.8109 3758.2607 3757.6715 3757.0442 3756.3798 3755.6792 3754.9439 3754.175 3753.3741 3752.5428 3751.6826 3750.7953 3749.8826 3748.9464 3747.9885 3747.0109 3746.0154 3745.004 3743.9785 3742.9409 3741.893 3740.8367 3739.7737 3738.7057 3737.6345 3736.5616 3735.4887 3734.4172 3733.3484 3732.2838 3731.2246 3730.172 3729.127 3728.0908 3727.0641 3726.048 3725.0432 3724.0504 3723.0703 3722.1034 3721.1503 3720.2113 3719.287 3718.3775 3717.4831 3716.6041 3715.7405 3714.8925 3714.0602 3713.2434 3712.4423 3711.6566 3710.8862 3710.1311 3709.3909 3708.6655 3707.9546
3761.6495 3761.2122 3760.7319 3760.2092 3759.6447 3759.039 3758.393 3757.7079 3756.9847 3756.2248 3755.4296 3754.6007 3753.7398 3752.8487 3751.9291 3750.9831 3750.0125 3749.0194 3748.0059 3746.9738 3745.9255 3744.8627 3743.7877 3742.7023 3741.6086 3740.5084 3739.4035 3738.2958 3737.1869 3736.0785 3734.9722 3733.8694 3732.7715 3731.6798 3730.5956 3729.52 3728.454 3727.3987 3726.3548 3725.3233 3724.3049 3723.3001 3722.3097 3721.334 3720.3736 3719.4288 3718.4999 3717.5871 3716.6907 3715.8107 3714.9472 3714.1003 3713.2698 3712.4559 3711.6582 3710.8767 3710.1112 3709.3615 3708.6272 3707.9081
3763.1321 3762.687 3762.1966 3761.6614 3761.082 3760.459 3759.7935 3759.0866 3758.3395 3757.5537 3756.7307 3755.8722 3754.9801 3754.0562 3753.1025 3752.1211 3751.1142 3750.0838 3749.0322 3747.9616 3746.8742 3745.7721 3744.6576 3743.5327 3742.3996 3741.2602 3740.1166 3738.9706 3737.8239 3736.6784 3735.5357 3734.3973 3733.2646 3732.1391 3731.0221 3729.9146 3728.8178 3727.7327 3726.6602 3725.6011 3724.5562 3723.5261 3722.5114 3721.5127 3720.5302 3719.5645 3718.6158 3717.6842 3716.7701 3715.8734 3714.9942 3714.1326 3713.2884 3712.4616 3711.6519 3710.8594 3710.0836 3709.3243 3708.5812 3707.8541
3764.6725 3764.2196 3763.7189 3763.1708 3762.5758 3761.9347 3761.2487 3760.5189 3759.7466 3758.9334 3758.081 3757.1912 3756.266 3755.3073 3754.3175 3753.2987 3752.2532 3751.1833 3750.0915 3748.98 3747.8513 3746.7077 3745.5515 3744.3849 3743.2103 3742.0298 3740.8454 3739.6591 3738.4728 3737.2885 3736.1076 3734.932 3733.7631 3732.6024 3731.4511 3730.3105 3729.1817 3728.0658 3726.9636 3725.876 3724.8039 3723.7477 3722.7081 3721.6856 3720.6807 3719.6936 3718.7246 3717.774 3716.8418 3715.9282 3715.0332 3714.1567 3713.2987 3712.459 3711.6374 3710.8338 3710.0478 3709.2791 3708.5274 3707.7924
3766.2742 3765.8136 3765.3023 3764.7408 3764.1296 3763.4697 3762.7621 3762.0081 3761.2092 3760.367 3759.4834 3758.5604 3757.6001 3756.6046 3755.5764 3754.5179 3753.4315 3752.3197 3751.1852 3750.0305 3748.858 3747.6705 3746.4702 3745.2598 3744.0414 3742.8175 3741.5902 3740.3616 3739.1338 3737.9087 3736.688 3735.4735 3734.2668 3733.0693 3731.8824 3730.7074 3729.5455 3728.3976 3727.2647 3726.1478 3725.0474 3723.9644 3722.8992 3721.8524 3720.8244 3719.8154 3718.8259 3717.8558 3716.9054 3715.9747 3715.0636 3714.1722 3713.3003 3712.4477 3711.6142 3710.7996 3710.0035 3709.2256 3708.4655 3707.7229
3767.941 3767.4727 3766.9507 3766.3753 3765.7472 3765.0675 3764.3372 3763.5577 3762.7306 3761.8578 3760.9412 3759.9829 3758.9852 3757.9506 3756.8817 3755.7809 3754.6511 3753.4949 3752.3151 3751.1145 3749.8958 3748.6617 3747.4149 3746.158 3744.8935 3743.6238 3742.3514 3741.0784 3739.807 3738.5391 3737.2767 3736.0216 3734.7754 3733.5396 3732.3157 3731.105 3729.9086 3728.7276 3727.563 3726.4157 3725.2864 3724.1757 3723.0843 3722.0125 3720.9609 3719.9297 3718.9191 3717.9292 3716.9603 3716.0123 3715.0851 3714.1786 3713.2928 3712.4273 3711.582 3710.7564 3709.9504 3709.1635 3708.3952 3707.6451
3769.6771 3769.2011 3768.668 3768.0783 3767.4327 3766.7322 3765.978 3765.1716 3764.3147 3763.4093 3762.4576 3761.4618 3760.4245 3759.3483 3758.2359 3757.0903 3755.9142 3754.7108 3753.4829 3752.2336 3750.9658 3749.6825 3748.3864 3747.0804 3745.7672 3744.4494 3743.1294 3741.8097 3740.4924 3739.1798 3737.8737 3736.5761 3735.2887 3734.013 3732.7506 3731.5027 3730.2706 3729.0554 3727.858 3726.6793 3725.5201 3724.3811 3723.2627 3722.1654 3721.0896 3720.0356 3719.0036 3717.9938 3717.0061 3716.0405 3715.0971 3714.1755 3713.2757 3712.3974 3711.5403 3710.704 3709.8882 3709.0924 3708.3161 3707.5589
3771.4868 3771.0032 3770.459 3769.8545 3769.1905 3768.4682 3767.6888 3766.8539 3765.9654 3765.0255 3764.0364 3763.0007 3761.9211 3760.8005 3759.642 3758.4485 3757.2233 3755.9696 3754.6906 3753.3896 3752.0697 3750.734 3749.3858 3748.0279 3746.6632 3745.2946 3743.9245 3742.5556 3741.1903 3739.8307 3738.4789 3737.1369 3735.8064 3734.4892 3733.1867 3731.9002 3730.6311 3729.3804 3728.1491 3726.9381 3725.7482 3724.5799 3723.4338 3722.3104 3721.21 3720.1328 3719.0791 3718.0488 3717.0421 3716.0589 3715.0991 3714.1624 3713.2487 3712.3576 3711.4889 3710.642 3709.8166 3709.0121 3708.2282 3707.4642
3773.375 3772.884 3772.3284 3771.7086 3771.0255 3770.2803 3769.4742 3768.6092 3767.6871 3766.7104 3765.6815 3764.6033 3763.4786 3762.3107 3761.1029 3759.8584 3758.5808 3757.2735 3755.9401 3754.584 3753.2088 3751.8177 3750.4142 3749.0013 3747.5822 3746.1599 3744.7371 3743.3165 3741.9006 3740.4917 3739.0921 3737.7036 3736.3283 3734.9677 3733.6235 3732.297 3730.9895 3729.7021 3728.4358 3727.1915 3725.9699 3724.7716 3723.5971 3722.447 3721.3214 3720.2206 3719.1447 3718.0939 3717.068 3716.067 3715.0907 3714.1389 3713.2113 3712.3075 3711.4272 3710.5699 3709.7352 3708.9224 3708.1311 3707.3605
3775.347 3774.8487 3774.2815 3773.646 3772.943 3772.1736 3771.3395 3770.4424 3769.4846 3768.4687 3767.3974 3766.2737 3765.1009 3763.8824 3762.6219 3761.3229 3759.9893 3758.6249 3757.2335 3755.8189 3754.3847 3752.9348 3751.4725 3750.0015 3748.5249 3747.0459 3745.5674 3744.0924 3742.6234 3741.1628 3739.713 3738.276 3736.8538 3735.4481 3734.0605 3732.6925 3731.3452 3730.0198 3728.7174 3727.4387 3726.1846 3724.9555 3723.752 3722.5745 3721.4232 3720.2984 3719.2001 3718.1284 3717.0831 3716.0642 3715.0714 3714.1045 3713.163 3712.2467 3711.355 3710.4876 3709.6437 3708.8229 3708.0245 3707.2478
3777.4085 3776.9032 3776.3244 3775.6726 3774.9487 3774.154 3773.29 3772.359 3771.3632 3770.3054 3769.1887 3768.0164 3766.7921 3765.5195 3764.2026 3762.8453 3761.4519 3760.0264 3758.5731 3757.096 3755.5992 3754.0866 3752.5621 3751.0293 3749.4918 3747.9529 3746.4158 3744.8835 3743.3586 3741.8438 3740.3415 3738.8538 3737.3827 3735.93 3734.4973 3733.0861 3731.6976 3730.333 3728.9933 3727.6792 3726.3916 3725.1309 3723.8977 3722.6923 3721.5148 3720.3656 3719.2446 3718.1517 3717.0869 3716.05 3715.0407 3714.0586 3713.1035 3712.1747 3711.2719 3710.3945 3709.5419 3708.7133 3707.9083 3707.1259
3779.5657 3779.0537 3778.4633 3777.7947 3777.049 3776.2275 3775.332 3774.3648 3773.3284 3772.2259 3771.0606 3769.8362 3768.5566 3767.226 3765.8487 3764.429 3762.9715 3761.4807 3759.9612 3758.4175 3756.8539 3755.2746 3753.6839 3752.0857 3750.4837 3748.8815 3747.2825 3745.6897 3744.1062 3742.5345 3740.9772 3739.4365 3737.9144 3736.4127 3734.9332 3733.4772 3732.0461 3730.641 3729.2628 3727.9123 3726.5903 3725.2973 3724.0336 3722.7997 3721.5956 3720.4216 3719.2775 3718.1633 3717.0789 3716.0239 3714.9981 3714.001 3713.0323 3712.0913 3711.1776 3710.2905 3709.4294 3708.5935 3707.7822 3706.9946
3781.8255 3781.3074 3780.7052 3780.0194 3779.2509 3778.4012 3777.4722 3776.4663 3775.3865 3774.2361 3773.0187 3771.7384 3770.3995 3769.0065 3767.5643 3766.0776 3764.5514 3762.9907 3761.4004 3759.7854 3758.1505 3756.5003 3754.8392 3753.1714 3751.5011 3749.832 3748.1676 3746.5113 3744.866 3743.2347 3741.6198 3740.0236 3738.4483 3736.8958 3735.3676 3733.8652 3732.39 3730.943 3729.5252 3728.1373 3726.78 3725.4538 3724.1591 3722.8961 3721.665 3720.4658 3719.2984 3718.1627 3717.0585 3715.9855 3714.9432 3713.9312 3712.949 3711.996 3711.0716 3710.1752 3709.3059 3708.4632 3707.6461 3706.8537
3784.1954 3783.6717 3783.0579 3782.3543 3781.562 3780.6824 3779.7178 3778.6707 3777.5444 3776.3426 3775.0692 3773.7287 3772.3259 3770.8659 3769.3539 3767.7951 3766.1952 3764.5594 3762.8933 3761.2021 3759.491 3757.765 3756.029 3754.2875 3752.5447 3750.8047 3749.0713 3747.348 3745.6379 3743.9439 3742.2688 3740.6147 3738.984 3737.3784 3735.7997 3734.2493 3732.7285 3731.2383 3729.7797 3728.3534 3726.9599 3725.5998 3724.2734 3722.9808 3721.7222 3720.4975 3719.3066 3718.1493 3717.0253 3715.9342 3714.8755 3713.8487 3712.8532 3711.8885 3710.9538 3710.0483 3709.1714 3708.3221 3707.4997 3706.7032
3786.6838 3786.1553 3785.5299 3784.808 3783.9907 3783.0796 3782.077 3780.9859 3779.8097 3778.5525 3777.2187 3775.8134 3774.3418 3772.8095 3771.2222 3769.5858 3767.9065 3766.1901 3764.4425 3762.6697 3760.8772 3759.0704 3757.2546 3755.4345 3753.6149 3751.8 3749.9937 3748.1998 3746.4215 3744.6619 3742.9237 3741.2092 3739.5207 3737.8601 3736.229 3734.6289 3733.0609 3731.5262 3730.0256 3728.5598 3727.1293 3725.7346 3724.3758 3723.0532 3721.7667 3720.5162 3719.3016 3718.1226 3716.9787 3715.8696 3714.7946 3713.7532 3712.7447 3711.7685 3710.8237 3709.9097 3709.0254 3708.1702 3707.3429 3706.5428
