Data/yield_rb.tif
NCOLS 166
NROWS 297
XLLCORNER 97.345192
YLLCORNER 5.6160421
DX 0.04996348
DY 0.049990468
NODATA_VALUE -9999
[rows 52 to 77 of 297, columns 0 to 59 of 166]
164.0432 163.80764 163.58755 163.38585 163.20565 163.05005 162.92217 162.8249 162.76085 162.73215 162.74032 162.78614 162.86959 162.98979 163.14504 163.33298 163.55073 163.79519 164.06332 164.35244 164.66049 164.98625 165.32928 165.68961 166.06696 166.45921 166.85987 167.25454 167.61661 167.90372 168.05772 168.01168 167.7054 167.10554 166.22073 165.10294 163.83489 162.51148 161.22451 160.05408 159.065 158.30495 157.80224 157.56335 157.57184 157.79019 158.16508 158.63456 159.13505 159.606 159.99157 160.23937 160.29668 160.10479 159.5918 158.66617 157.21459 155.11233 152.25868 148.65552
164.40971 164.19278 163.99049 163.80528 163.63966 163.49614 163.37713 163.28483 163.22117 163.18766 163.1853 163.21451 163.27506 163.36608 163.4861 163.63316 163.80491 163.99886 164.21251 164.44357 164.6901 164.95052 165.22349 165.50754 165.80025 166.09711 166.38966 166.66327 166.89499 167.0524 167.09521 166.98102 166.67527 166.16255 165.45437 164.58931 163.62573 162.63078 161.67039 160.8025 160.07315 159.51421 159.14192 158.95595 158.94001 159.06415 159.28885 159.56961 159.86066 160.11698 160.29406 160.34596 160.2217 159.8602 159.184 158.09293 156.46102 154.14412 151.01295 147.03546
164.74447 164.54227 164.3537 164.18079 164.02557 163.89 163.77596 163.68512 163.61888 163.57828 163.56396 163.57607 163.61426 163.6777 163.7651 163.87479 164.00485 164.15319 164.31772 164.49639 164.68732 164.88867 165.09852 165.31445 165.53292 165.74838 165.95207 166.13084 166.26618 166.33436 166.30833 166.16202 165.87645 165.44612 164.88287 164.21565 163.48613 162.74202 162.03053 161.3932 160.86237 160.45898 160.19129 160.05475 160.03314 160.10114 160.22777 160.3797 160.52328 160.62479 160.64888 160.55594 160.29844 159.81655 159.03284 157.84692 156.13265 153.74475 150.54939 146.50366
165.04966 164.85885 164.68057 164.51647 164.36817 164.23722 164.12505 164.03292 163.96181 163.91244 163.88515 163.87993 163.89636 163.93365 163.99066 164.06597 164.15796 164.26488 164.38493 164.5163 164.65716 164.8056 164.95943 165.11582 165.27089 165.41903 165.55222 165.65946 165.72656 165.7367 165.67214 165.51727 165.2623 164.90683 164.46185 163.94931 163.39939 162.84639 162.32425 161.86279 161.48466 161.20332 161.02182 160.93285 160.91996 160.96023 161.02754 161.09545 161.13856 161.13178 161.04782 160.85388 160.50797 159.95525 159.12402 157.92213 156.23582 153.93732 150.91366 147.13819
165.32751 165.14524 164.97435 164.81615 164.67192 164.54288 164.43011 164.33451 164.25678 164.19737 164.15642 164.13379 164.12904 164.14141 164.1699 164.21331 164.27027 164.33929 164.41883 164.50733 164.60311 164.70434 164.80884 164.91386 165.01567 165.10921 165.18773 165.24251 165.26305 165.23771 165.1551 165.00608 164.78608 164.49711 164.14876 163.75781 163.34649 162.9398 162.56252 162.23629 161.97718 161.79374 161.68578 161.64414 161.65182 161.68652 161.72411 161.74185 161.71987 161.6401 161.48303 161.22362 160.82755 160.24825 159.42445 158.27879 156.71913 154.64772 151.98813 148.74462
165.58023 165.4041 165.23815 165.08343 164.94094 164.81161 164.69624 164.59546 164.50974 164.43932 164.3842 164.34416 164.31873 164.30721 164.30873 164.32225 164.34661 164.3806 164.42294 164.4723 164.52727 164.58624 164.64733 164.7081 164.76538 164.815 164.85161 164.86864 164.85854 164.8134 164.726 164.5911 164.40696 164.17643 163.90756 163.61325 163.31011 163.01675 162.75162 162.53091 162.36644 162.26385 162.22117 162.22814 162.26689 162.3142 162.3454 162.33867 162.2775 162.14997 161.94476 161.64597 161.22894 160.65778 159.88459 158.85018 157.48769 155.73281 153.54709 150.96288
165.81 165.63796 165.47491 165.32166 165.17899 165.04758 164.928 164.82068 164.72589 164.64371 164.57404 164.51659 164.47089 164.4363 164.41204 164.39722 164.39091 164.39211 164.39982 164.413 164.43058 164.45132 164.47378 164.49609 164.51585 164.52993 164.53438 164.52448 164.49499 164.44062 164.35676 164.24046 164.09129 163.91213 163.70947 163.49322 163.27599 163.07191 162.89521 162.75853 162.67124 162.63762 162.65515 162.71321 162.79281 162.86838 162.91214 162.90023 162.81752 162.65796 162.41961 162.09761 161.6787 161.1391 160.44507 159.55565 158.42771 157.02593 155.34115 153.42068
166.01892 165.84925 165.68739 165.53395 165.38952 165.25458 165.1295 165.01454 164.90981 164.81528 164.73075 164.65589 164.59022 164.53314 164.48396 164.44194 164.40632 164.37634 164.35128 164.33042 164.31309 164.29853 164.28589 164.27401 164.26141 164.24605 164.22534 164.19615 164.15497 164.0983 164.02316 163.92774 163.81207 163.67852 163.53209 163.38031 163.23286 163.10074 162.99535 162.92723 162.90458 162.93155 163.00619 163.11825 163.24766 163.36516 163.437 163.43386 163.33986 163.15513 162.88936 162.55118 162.14027 161.64516 161.0453 160.31532 159.43096 158.3776 157.16324 155.83659
166.20903 166.04028 165.87817 165.72318 165.5757 165.43604 165.30441 165.18094 165.06559 164.95823 164.85858 164.76627 164.68079 164.6016 164.52806 164.45956 164.3955 164.33533 164.2786 164.22498 164.17421 164.12613 164.08053 164.03715 163.99547 163.95466 163.9134 163.86995 163.82214 163.76767 163.70447 163.63117 163.54763 163.4554 163.35802 163.26104 163.17187 163.09933 163.05295 163.0421 163.07476 163.15588 163.28501 163.45312 163.63937 163.80975 163.92161 163.93627 163.83479 163.62453 163.33008 162.9764 162.5771 162.13209 161.63156 161.06179 160.41137 159.67795 158.87623 158.04716
166.38226 166.21321 166.0497 165.89202 165.74043 165.5951 165.4561 165.32341 165.1969 165.07631 164.96131 164.85147 164.74626 164.64513 164.54752 164.45288 164.36075 164.27077 164.18278 164.09678 164.01302 163.93194 163.85413 163.78028 163.711 163.6467 163.58739 163.53259 163.48125 163.43189 163.38281 163.33257 163.2804 163.22674 163.17362 163.12483 163.08597 163.06421 163.06785 163.10571 163.18611 163.31536 163.49512 163.71836 163.96401 164.19295 164.35135 164.38772 164.27805 164.03851 163.71204 163.34225 162.95646 162.56401 162.16269 161.74639 161.31129 160.86076 160.40943 159.98624
166.54043 166.3701 166.20421 166.04295 165.88642 165.73466 165.58763 165.44518 165.30707 165.17295 165.0424 164.91492 164.78996 164.66693 164.54529 164.42452 164.30426 164.18432 164.06474 163.9459 163.82853 163.71372 163.60296 163.498 163.40073 163.31297 163.23618 163.17117 163.11793 163.07554 163.04235 163.01634 162.99572 162.97947 162.96795 162.96325 162.96935 162.99212 163.03898 163.11851 163.23959 163.40997 163.63355 163.90553 164.20519 164.48885 164.69144 164.74767 164.62802 164.35863 164.00218 163.62066 163.25327 162.91624 162.61229 162.33985 162.09922 161.89572 161.74063 161.65021
166.68532 166.51289 166.34385 166.17827 166.01615 165.85739 165.70183 165.54921 165.39918 165.2513 165.10505 164.95984 164.81505 164.67004 164.52422 164.37708 164.22828 164.0777 163.92559 163.77262 163.61998 163.46947 163.3235 163.18504 163.0575 162.94433 162.84872 162.77301 162.71828 162.68411 162.66857 162.66867 162.68101 162.70269 162.73208 162.76942 162.81715 162.87994 162.96454 163.07935 163.23367 163.43634 163.69287 164.00017 164.33798 164.65965 164.89226 164.96086 164.83285 164.54335 164.17096 163.79156 163.45289 163.17606 162.96735 162.82855 162.76271 162.77587 162.87563 163.06697
166.81855 166.64338 166.4706 166.30015 166.13194 165.96575 165.80132 165.63826 165.47612 165.31434 165.15229 164.98929 164.8246 164.65749 164.48725 164.31331 164.13526 163.95302 163.7669 163.57778 163.38727 163.19782 163.01284 162.8367 162.67454 162.5319 162.41412 162.32553 162.26865 162.24356 162.24784 162.27694 162.32524 162.38723 162.45877 162.53792 162.62547 162.72497 162.84253 162.98632 163.16574 163.38997 163.66502 163.98826 164.33956 164.67175 164.91083 164.98132 164.85256 164.56459 164.20225 163.84707 163.55136 163.34027 163.22402 163.20827 163.29935 163.50488 163.83045 164.27269
166.94171 166.7633 166.58632 166.41061 166.23597 166.06208 165.88856 165.71492 165.54059 165.36489 165.18707 165.00629 164.82168 164.63235 164.43744 164.23621 164.02812 163.81294 163.59094 163.3631 163.13128 162.89853 162.66927 162.44936 162.24606 162.06751 161.92195 161.81645 161.75556 161.74018 161.76712 161.82963 161.91883 162.02562 162.14251 162.2649 162.39173 162.52544 162.67154 162.83792 163.03376 163.26785 163.54559 163.86362 164.20182 164.51548 164.73725 164.80116 164.6832 164.42267 164.0993 163.79131 163.55195 163.41028 163.38173 163.47733 163.70831 164.08604 164.61729 165.29441
167.05627 166.87426 166.69276 166.51153 166.33026 166.14854 165.96587 165.78166 165.5952 165.40568 165.21221 165.0138 164.80937 164.59784 164.37812 164.14921 163.91028 163.66086 163.401 163.13153 162.85442 162.57311 162.29294 162.02138 161.76813 161.54463 161.36303 161.23433 161.1662 161.16092 161.21436 161.3166 161.45407 161.61257 161.78011 161.94874 162.11529 162.28119 162.45156 162.63412 162.83775 163.0705 163.33659 163.63161 163.93617 164.211 164.40085 164.45506 164.35803 164.14398 163.88 163.63475 163.4594 163.3866 163.43783 163.6309 163.98379 164.51418 165.23382 166.13586
167.1636 166.97776 166.79156 166.60469 166.41673 166.22718 166.03543 165.84078 165.6424 165.43934 165.23054 165.01481 164.79087 164.55736 164.31291 164.05614 163.78586 163.50114 163.20159 162.88767 162.56113 162.22554 161.8869 161.55428 161.24008 160.95986 160.73097 160.57011 160.48978 160.49467 160.57965 160.73028 160.92622 161.14606 161.37163 161.59081 161.7982 161.99446 162.18478 162.37716 162.58049 162.8023 163.04592 163.30652 163.56683 163.79492 163.94941 163.99519 163.92389 163.76306 163.56509 163.38674 163.27509 163.2652 163.38449 163.65803 164.11166 164.77135 165.657 166.7674
167.26501 167.07522 166.88426 166.69173 166.49714 166.2999 166.09929 165.89451 165.68458 165.46842 165.24478 165.01228 164.76939 164.51445 164.2457 163.96135 163.65966 163.33911 162.99864 162.63802 162.25841 161.86305 161.45825 161.05435 160.66663 160.31545 160.02501 159.82005 159.72042 159.73505 159.85784 160.0681 160.33574 160.6291 160.9218 161.19661 161.44597 161.67038 161.87592 162.07165 162.26721 162.47037 162.68446 162.9054 163.11921 163.30184 163.42434 163.46408 163.41762 163.30607 163.16884 163.05125 162.99531 163.03701 163.20851 163.54154 164.06965 164.82738 165.84373 167.1255
167.36172 167.16795 166.97226 166.77419 166.57316 166.36849 166.15938 165.94491 165.72398 165.49535 165.25762 165.00917 164.74821 164.47275 164.18064 163.86956 163.53714 163.18112 162.79953 162.39115 161.95612 161.49683 161.01927 160.53453 160.06052 159.62293 159.25444 158.9907 158.86243 158.88551 159.05335 159.33664 159.69155 160.07226 160.4417 160.77674 161.06808 161.31714 161.53203 161.72402 161.90452 162.0826 162.2627 162.44258 162.61217 162.75449 162.85016 162.88514 162.85858 162.7862 162.69713 162.62709 162.6128 162.68984 162.89344 163.26048 163.8307 164.6454 165.74048 167.12859
167.45484 167.25716 167.05689 166.85349 166.64632 166.43461 166.21749 165.99392 165.7627 165.52246 165.2716 165.00832 164.73055 164.43597 164.12199 163.78577 163.42425 163.0343 162.61291 162.15759 161.66706 161.14233 160.5883 160.01604 159.44541 158.90745 158.44456 158.10629 157.93846 157.9676 158.18757 158.55773 159.01555 159.49648 159.95022 160.34738 160.67789 160.94548 161.16176 161.34147 161.49896 161.6457 161.78828 161.92708 162.05591 162.16338 162.23661 162.26654 162.25306 162.20731 162.1505 162.11063 162.11948 162.21119 162.42249 162.79348 163.36779 164.19023 165.29897 166.70677
167.5454 167.34398 167.13935 166.93093 166.718 166.49976 166.27524 166.04332 165.80271 165.55189 165.28913 165.01243 164.71948 164.40765 164.07396 163.71502 163.32712 162.90624 162.44826 161.9493 161.40642 160.81879 160.1896 159.52896 158.8577 158.21145 157.64272 157.21712 156.99958 157.03136 157.30819 157.77549 158.347 158.93514 159.4745 159.92978 160.29156 160.56747 160.77402 160.93057 161.0555 161.16367 161.26476 161.3622 161.45328 161.53049 161.58459 161.60857 161.60128 161.56953 161.52816 161.4989 161.50903 161.59077 161.78109 162.12172 162.658 163.43517 164.48918 165.82748
167.63434 167.4294 167.22072 167.00767 166.78948 166.56531 166.33411 166.09472 165.84575 165.58558 165.31238 165.02396 164.71785 164.39113 164.04049 163.66211 163.25168 162.80439 162.31512 161.77866 161.19044 160.54768 159.85154 159.11048 158.34524 157.59476 156.9206 156.40457 156.13258 156.1634 156.49605 157.06055 157.74388 158.43324 159.04793 159.54791 159.92588 160.1946 160.37631 160.49579 160.57625 160.63687 160.69118 160.74606 160.80172 160.85285 160.89125 160.90917 160.90261 160.87363 160.83132 160.79198 160.7789 160.82218 160.95852 161.23041 161.68393 162.36343 163.30104 164.49776
167.72251 167.51434 167.30198 167.08475 166.86187 166.63244 166.3954 166.14952 165.89335 165.62523 165.34322 165.04505 164.72809 164.38927 164.02503 163.63123 163.20315 162.73541 162.22214 161.65714 161.03454 160.34997 159.60278 158.79978 157.96101 157.12723 156.36663 155.77423 155.45434 155.48206 155.85999 156.504 157.27617 158.04086 158.70452 159.22407 159.59506 159.83545 159.97312 160.03834 160.05966 160.06143 160.06201 160.07227 160.09488 160.12507 160.15298 160.16726 160.15881 160.12376 160.06532 159.9947 159.93151 159.90394 159.94845 160.10862 160.43199 160.96355 161.73415 162.74253
167.81065 167.59959 167.38396 167.16307 166.93613 166.7022 166.4602 166.20889 165.9468 165.67223 165.38321 165.07743 164.75219 164.40436 164.03027 163.62565 163.18559 162.70447 162.17606 161.59369 160.95088 160.24248 159.46689 158.63001 157.75135 156.8724 156.06459 155.42992 155.08296 155.10814 155.50975 156.19426 157.0077 157.80008 158.47013 158.97329 159.30729 159.49377 159.56487 159.55569 159.50032 159.42937 159.36748 159.33056 159.32367 159.34078 159.36732 159.38475 159.3759 159.32915 159.24106 159.11768 158.97514 158.83996 158.74894 158.74803 158.88889 159.22162 159.78241 160.57618
167.89942 167.68585 167.46741 167.24341 167.01306 166.77542 166.52941 166.27379 166.00709 165.72765 165.43349 165.12234 164.79153 164.43795 164.058 163.64747 163.20153 162.71467 162.18078 161.59341 160.94628 160.23453 159.45689 158.61957 157.74235 156.86668 156.06352 155.43375 155.09011 155.11492 155.51033 156.18094 156.97105 157.72929 158.35348 158.79867 159.06269 159.16791 159.14828 159.0424 158.89007 158.72969 158.59458 158.50785 158.47742 158.49405 158.53434 158.56788 158.56542 158.50514 158.37586 158.17813 157.92456 157.64008 157.36244 157.14183 157.03817 157.11393 157.42102 157.9824
167.98938 167.77369 167.55292 167.32639 167.09332 166.85277 166.60371 166.34491 166.07496 165.79223 165.49482 165.18055 164.84687 164.49082 164.109 163.69745 163.2517 162.76669 162.23694 161.65677 161.02097 160.32596 159.57198 158.76673 157.93087 157.10507 156.35612 155.7758 155.46339 155.48796 155.84604 156.44789 157.15053 157.81418 158.34242 158.69062 158.85411 158.85254 158.7187 158.493 158.22108 157.95141 157.7299 157.59075 157.54625 157.58154 157.65867 157.72876 157.74538 157.67368 157.49364 157.20002 156.80151 156.32095 155.79687 155.28522 154.85913 154.60324 154.59982 154.90614
168.081 167.8636 167.64099 167.41252 167.1774 166.93476 166.6836 166.42273 166.15083 165.86636 165.56754 165.25232 164.91836 164.56295 164.18301 163.77503 163.33507 162.85885 162.34185 161.77966 161.16869 160.50731 159.79794 159.05027 158.28578 157.54306 156.88143 156.37789 156.11098 156.13049 156.4261 156.91895 157.4879 158.0132 158.40887 158.63126 158.67132 158.54294 158.27485 157.90733 157.49191 157.09006 156.76602 156.57152 156.52638 156.607 156.75278 156.88731 156.94086 156.86291 156.62422 156.21368 155.63523 154.90783 154.06881 153.17962 152.33094 151.64169 151.24484 151.25608
