Data/yield_ri3.tif
NCOLS 166
NROWS 297
XLLCORNER 97.345192
YLLCORNER 5.6160421
DX 0.04996348
DY 0.049990468
NODATA_VALUE -9999
[rows 156 to 181 of 297, columns 60 to 119 of 166]
721.67996 721.92162 722.17466 722.43806 722.71071 722.99141 723.27891 723.57192 723.8691 724.16914 724.47072 724.77258 725.07354 725.37247 725.66838 725.96036 726.24763 726.52949 726.8054 727.07489 727.33758 727.59317 727.84144 728.0822 728.31532 728.54068 728.75819 728.96779 729.16941 729.363 729.5485 729.72589 729.89512 730.05618 730.20906 730.35377 730.49032 730.61878 730.73919 730.85164 730.95624 731.05312 731.14242 731.22431 731.29897 731.36662 731.42747 731.48176 731.52973 731.57163 731.60774 731.6383 731.66361 731.68393 731.69954 731.71071 731.71772 731.72083 731.72032 731.71645
722.16651 722.39389 722.63186 722.8795 723.13579 723.39968 723.67004 723.9457 724.22548 724.50821 724.79272 725.07787 725.3626 725.64588 725.92681 726.20453 726.4783 726.74747 727.01147 727.26983 727.52216 727.76812 728.00745 728.23992 728.46536 728.68363 728.89459 729.09814 729.29421 729.48271 729.66359 729.83678 730.00226 730.15999 730.30996 730.45217 730.58664 730.71342 730.83255 730.94411 731.04819 731.14491 731.23441 731.31684 731.39236 731.46117 731.52347 731.57946 731.62938 731.67345 731.71193 731.74505 731.77307 731.79625 731.81485 731.82912 731.83931 731.84569 731.8485 731.848
722.65126 722.86537 723.08936 723.32239 723.56354 723.81187 724.06635 724.32594 724.5896 724.85625 725.12486 725.3944 725.6639 725.93245 726.19918 726.46332 726.72417 726.98108 727.23352 727.48101 727.72314 727.95955 728.18996 728.41412 728.63183 728.84289 729.04718 729.24455 729.4349 729.61815 729.79422 729.96303 730.12455 730.27873 730.42557 730.56505 730.69718 730.82201 730.93957 731.04993 731.15318 731.24942 731.33877 731.42137 731.49738 731.56696 731.63031 731.6876 731.73906 731.78489 731.82533 731.86059 731.89093 731.91656 731.93773 731.9547 731.96768 731.97693 731.98269 731.98518
723.13473 723.33648 723.54747 723.76692 723.99402 724.2279 724.46764 724.71231 724.96097 725.21264 725.4664 725.72132 725.97652 726.23116 726.48444 726.73564 726.9841 727.22921 727.47045 727.70733 727.93945 728.16645 728.38802 728.60388 728.81382 729.01764 729.21516 729.40625 729.59077 729.76863 729.93973 730.104 730.26138 730.41183 730.55532 730.69184 730.82141 730.94403 731.05975 731.16864 731.27075 731.3662 731.45508 731.53752 731.61366 731.68366 731.74768 731.80591 731.85852 731.90574 731.94774 731.98476 732.01701 732.04471 732.06808 732.08736 732.10276 732.11451 732.12284 732.12798
723.61737 723.8076 724.00647 724.21329 724.42731 724.64775 724.87377 725.10454 725.3392 725.57689 725.81675 726.05794 726.29967 726.54115 726.78167 727.02054 727.25713 727.49088 727.72127 727.94783 728.17017 728.3879 728.60073 728.80836 729.01055 729.2071 729.39782 729.58254 729.76114 729.93349 730.0995 730.25908 730.41217 730.55871 730.69867 730.83204 730.95881 731.07899 731.19264 731.29978 731.40049 731.49485 731.58295 731.66491 731.74086 731.81094 731.8753 731.93411 731.98753 732.03575 732.07897 732.11738 732.15118 732.18058 732.20578 732.22701 732.24447 732.25837 732.26893 732.27636
724.0996 724.27907 724.46664 724.66167 724.8635 725.0714 725.28462 725.50241 725.72399 725.94858 726.17539 726.40367 726.63268 726.86171 727.09009 727.31719 727.54241 727.76522 727.98512 728.20166 728.41444 728.6231 728.8273 729.02678 729.22127 729.41056 729.59445 729.77278 729.94538 730.11214 730.27295 730.42772 730.57637 730.71884 730.85511 730.98513 731.10891 731.22645 731.33778 731.44294 731.54198 731.63498 731.72203 731.80322 731.87868 731.94852 732.01289 732.07194 732.12584 732.17474 732.21882 732.25827 732.29327 732.32403 732.35072 732.37356 732.39273 732.40845 732.4209 732.4303
724.58184 724.75124 724.92824 725.11226 725.30269 725.49887 725.70012 725.90576 726.11508 726.32736 726.5419 726.758 726.97499 727.19222 727.40905 727.62491 727.83923 728.05151 728.26127 728.46808 728.67154 728.8713 729.06703 729.25846 729.44532 729.62738 729.80445 729.97634 730.14291 730.30401 730.45954 730.60938 730.75348 730.89175 731.02416 731.15067 731.27127 731.38597 731.49477 731.59772 731.69486 731.78625 731.87197 731.95212 732.02679 732.0961 732.16019 732.21918 732.27322 732.32248 732.3671 732.40727 732.44315 732.47493 732.50279 732.5269 732.54747 732.56468 732.57872 732.58977
725.06446 725.22443 725.39153 725.56524 725.74499 725.93019 726.12023 726.31447 726.51226 726.71297 726.91594 727.12054 727.32614 727.53215 727.73799 727.9431 728.14696 728.3491 728.54906 728.74643 728.94081 729.13187 729.31929 729.50277 729.68208 729.85696 730.02723 730.19269 730.35318 730.50858 730.65875 730.80359 730.94302 731.07696 731.20538 731.32822 731.44548 731.55714 731.66322 731.76375 731.85876 731.9483 732.03246 732.1113 732.18492 732.25343 732.31694 732.37557 732.42947 732.47878 732.52364 732.56422 732.60067 732.63316 732.66187 732.68696 732.70861 732.727 732.74232 732.75472
725.54783 725.69895 725.85676 726.0208 726.19054 726.36544 726.54493 726.72845 726.9154 727.10519 727.29723 727.49094 727.68574 727.88108 728.07641 728.27124 728.46507 728.65744 728.84792 729.03612 729.22167 729.40423 729.58349 729.75916 729.931 730.09877 730.26226 730.4213 730.57571 730.72536 730.87011 731.00987 731.14454 731.27405 731.39835 731.51739 731.63114 731.7396 731.84277 731.94068 732.03335 732.12083 732.20318 732.28047 732.35279 732.42023 732.4829 732.54091 732.59438 732.64345 732.68826 732.72895 732.76568 732.79859 732.82785 732.85362 732.87606 732.89535 732.91165 732.92512
726.03231 726.1751 726.3242 726.47914 726.63946 726.80467 726.97424 727.14765 727.32437 727.50385 727.68554 727.86892 728.05345 728.23862 728.42393 728.6089 728.79308 728.97604 729.15736 729.33667 729.51362 729.68787 729.85913 730.02712 730.19159 730.35231 730.50908 730.66171 730.81003 730.95391 731.0932 731.22781 731.35764 731.48262 731.60268 731.71778 731.82789 731.93299 732.03308 732.12818 732.21832 732.30352 732.38385 732.45936 732.53014 732.59627 732.65784 732.71496 732.76775 732.81632 732.8608 732.90133 732.93804 732.9711 733.00063 733.02679 733.04975 733.06965 733.08665 733.10092
726.51822 726.65319 726.79407 726.94046 727.09191 727.24798 727.4082 727.57207 727.73911 727.90882 728.08071 728.25427 728.42902 728.60448 728.7802 728.95572 729.13062 729.30449 729.47694 729.64763 729.8162 729.98234 730.14576 730.3062 730.46341 730.61716 730.76724 730.91349 731.05573 731.19381 731.32761 731.45702 731.58194 731.70229 731.81801 731.92905 732.03538 732.13697 732.23383 732.32595 732.41336 732.4961 732.5742 732.64772 732.71673 732.78132 732.84155 732.89754 732.94938 732.99719 733.04108 733.08119 733.11763 733.15055 733.18009 733.20638 733.22958 733.24983 733.26727 733.28207
727.0059 727.1335 727.26664 727.40495 727.54804 727.69549 727.84685 728.0017 728.15958 728.32003 728.48259 728.6468 728.81222 728.97841 729.14493 729.31137 729.47733 729.64243 729.8063 729.9686 730.12901 730.28723 730.44298 730.59599 730.74604 730.89289 731.03636 731.17625 731.31241 731.44469 731.57297 731.69713 731.81707 731.93271 732.044 732.15087 732.25329 732.35124 732.44471 732.53369 732.61821 732.69829 732.77397 732.8453 732.91233 732.97515 733.03382 733.08844 733.1391 733.1859 733.22896 733.26839 733.30431 733.33685 733.36613 733.3923 733.41548 733.43581 733.45345 733.46852
727.49567 727.61631 727.74215 727.87284 728.00802 728.1473 728.2903 728.43659 728.58577 728.73741 728.89109 729.04639 729.2029 729.3602 729.5179 729.6756 729.83295 729.98956 730.14511 730.29927 730.45173 730.6022 730.75042 730.89614 731.03913 731.17916 731.31606 731.44964 731.57973 731.70621 731.82894 731.9478 732.06271 732.17358 732.28034 732.38294 732.48134 732.57551 732.66545 732.75114 732.8326 732.90985 732.98292 733.05186 733.11672 733.17756 733.23445 733.28748 733.33673 733.3823 733.42429 733.4628 733.49795 733.52986 733.55865 733.58444 733.60735 733.62754 733.64511 733.66021
727.98786 728.10192 728.22085 728.34433 728.47202 728.60357 728.73862 728.87678 729.01769 729.16094 729.30615 729.45294 729.60091 729.74969 729.89891 730.0482 730.19722 730.34562 730.4931 730.63933 730.78404 730.92694 731.06778 731.20633 731.34235 731.47565 731.60603 731.73333 731.85738 731.97804 732.0952 732.20874 732.31856 732.42458 732.52673 732.62497 732.71924 732.80951 732.89578 732.97803 733.05628 733.13053 733.20082 733.26719 733.32968 733.38834 733.44325 733.49448 733.54211 733.58622 733.62691 733.66428 733.69843 733.72948 733.75753 733.78271 733.80513 733.82492 733.8422 733.8571
728.48276 728.5906 728.70299 728.81963 728.94022 729.06443 729.19193 729.32236 729.45538 729.59063 729.72775 729.86638 730.00617 730.14676 730.28781 730.42898 730.56995 730.7104 730.85003 730.98855 731.12568 731.26118 731.39478 731.52627 731.65543 731.78206 731.90598 732.02703 732.14505 732.25991 732.37148 732.47965 732.58433 732.68544 732.78291 732.87669 732.96672 733.05299 733.13546 733.21414 733.28902 733.36012 733.42747 733.49108 733.55102 733.60732 733.66005 733.70928 733.75507 733.79751 733.83669 733.87269 733.90563 733.93559 733.96268 733.98702 734.00872 734.02789 734.04465 734.05912
728.98069 729.08263 729.18882 729.29898 729.41282 729.53005 729.65036 729.77342 729.89891 730.02651 730.15588 730.28669 730.41861 730.55132 730.68449 730.81782 730.95099 731.08372 731.21572 731.34671 731.47645 731.60468 731.73117 731.85572 731.9781 732.09814 732.21565 732.33049 732.44249 732.55154 732.6575 732.76028 732.85978 732.95592 733.04863 733.13786 733.22356 733.3057 733.38427 733.45924 733.53061 733.59841 733.66265 733.72335 733.78055 733.83431 733.88467 733.9317 733.97546 734.01603 734.05349 734.08792 734.11942 734.14808 734.174 734.19729 734.21804 734.23638 734.2524 734.26623
729.48195 729.57831 729.67861 729.7826 729.89002 730.0006 730.11404 730.23006 730.34836 730.46863 730.59056 730.71385 730.83821 730.96331 731.08887 731.2146 731.34021 731.46543 731.59 731.71365 731.83614 731.95725 732.07676 732.19446 732.31015 732.42365 732.53481 732.64346 732.74947 732.8527 732.95305 733.0504 733.14467 733.23578 733.32366 733.40826 733.48953 733.56745 733.64198 733.71311 733.78085 733.8452 733.90617 733.9638 734.01811 734.06914 734.11696 734.1616 734.20314 734.24164 734.27718 734.30984 734.3397 734.36686 734.3914 734.41342 734.43302 734.45031 734.46538 734.47835
729.98686 730.07791 730.17261 730.27073 730.37203 730.47626 730.58315 730.69243 730.80382 730.91705 731.03184 731.1479 731.26494 731.3827 731.5009 731.61926 731.73752 731.85543 731.97274 732.08921 732.20461 732.31873 732.43136 732.5423 732.65138 732.75842 732.86326 732.96575 733.06577 733.16319 733.25789 733.34979 733.43879 733.52481 733.60779 733.68768 733.76443 733.83801 733.90839 733.97557 734.03954 734.1003 734.15786 734.21226 734.26351 734.31166 734.35675 734.39883 734.43796 734.47421 734.50764 734.53833 734.56636 734.5918 734.61476 734.63532 734.65356 734.6696 734.68353 734.69544
730.49572 730.58172 730.67109 730.76362 730.85907 730.95723 731.05783 731.16065 731.26542 731.37188 731.47978 731.58885 731.69884 731.80949 731.92054 732.03174 732.14285 732.25363 732.36385 732.47329 732.58173 732.68897 732.79482 732.8991 733.00163 733.10225 733.20081 733.29717 733.39121 733.4828 733.57185 733.65826 733.74193 733.82281 733.90082 733.97592 734.04806 734.11721 734.18334 734.24644 734.3065 734.36354 734.41755 734.46856 734.5166 734.5617 734.6039 734.64325 734.6798 734.71361 734.74474 734.77328 734.79928 734.82283 734.84401 734.8629 734.8796 734.89419 734.90677 734.91743
731.00885 731.09004 731.17432 731.2615 731.35137 731.4437 731.53829 731.63489 731.73328 731.83322 731.93447 732.03679 732.13995 732.24369 732.3478 732.45203 732.55616 732.65997 732.76325 732.86579 732.96739 733.06786 733.16702 733.26471 733.36075 733.45499 733.54731 733.63756 733.72562 733.81138 733.89475 733.97563 734.05394 734.12961 734.20259 734.27281 734.34025 734.40487 734.46663 734.52554 734.58158 734.63476 734.68508 734.73257 734.77724 734.81913 734.85827 734.89472 734.92851 734.95971 734.98837 735.01457 735.03836 735.05983 735.07904 735.09609 735.11104 735.124 735.13504 735.14426
731.52655 731.60316 731.68259 731.76465 731.84915 731.9359 732.0247 732.11532 732.20756 732.3012 732.39602 732.4918 732.58831 732.68535 732.78269 732.88012 732.97744 733.07443 733.1709 733.26666 733.36152 733.45531 733.54787 733.63902 733.72862 733.81654 733.90263 733.98677 734.06885 734.14877 734.22643 734.30174 734.37464 734.44505 734.51292 734.5782 734.64084 734.70083 734.75813 734.81273 734.86462 734.91381 734.96031 735.00412 735.04528 735.0838 735.11974 735.15311 735.18399 735.2124 735.23842 735.2621 735.28351 735.30271 735.31978 735.33479 735.34782 735.35896 735.36828 735.37587
732.04915 732.12138 732.19616 732.27332 732.35267 732.43406 732.51727 732.60212 732.68842 732.77596 732.86454 732.95397 733.04403 733.13453 733.22527 733.31605 733.40668 733.49698 733.58676 733.67585 733.76407 733.85126 733.93727 734.02195 734.10516 734.18676 734.26665 734.34469 734.42078 734.49484 734.56676 734.63647 734.7039 734.76899 734.83167 734.89192 734.94969 735.00494 735.05766 735.10784 735.15547 735.20055 735.24308 735.28308 735.32058 735.3556 735.38816 735.41832 735.4461 735.47157 735.49478 735.51577 735.53461 735.55138 735.56612 735.57892 735.58986 735.59899 735.60641 735.6122
732.57696 732.64501 732.71533 732.78778 732.86219 732.9384 733.01622 733.0955 733.17604 733.25766 733.34018 733.42342 733.50719 733.5913 733.67559 733.75985 733.84393 733.92765 734.01084 734.09334 734.175 734.25566 734.33518 734.41343 734.49027 734.56559 734.63927 734.71121 734.7813 734.84947 734.91562 734.97968 735.04159 735.10128 735.15872 735.21385 735.26664 735.31707 735.36512 735.41076 735.454 735.49484 735.53328 735.56933 735.60303 735.63438 735.66343 735.6902 735.71475 735.73711 735.75733 735.77547 735.79159 735.80574 735.81799 735.82841 735.83707 735.84403 735.84938 735.85319
733.11032 733.17436 733.24041 733.30833 733.37797 733.44918 733.52179 733.59565 733.6706 733.74647 733.82309 733.90029 733.97791 734.05578 734.13373 734.2116 734.28923 734.36646 734.44315 734.51914 734.5943 734.66848 734.74156 734.81341 734.88391 734.95295 735.02043 735.08625 735.15033 735.21257 735.2729 735.33126 735.38759 735.44183 735.49393 735.54387 735.5916 735.6371 735.68035 735.72135 735.76008 735.79655 735.83077 735.86274 735.89249 735.92004 735.94543 735.96867 735.98981 736.00891 736.02599 736.04111 736.05433 736.06571 736.0753 736.08317 736.08938 736.094 736.09711 736.09877
733.64955 733.70975 733.7717 733.83525 733.90028 733.96665 734.03421 734.10282 734.17233 734.24258 734.31344 734.38474 734.45633 734.52806 734.59979 734.67136 734.74264 734.81347 734.88373 734.95327 735.02198 735.08972 735.15639 735.22186 735.28602 735.34879 735.41006 735.46975 735.52777 735.58405 735.63852 735.69113 735.74181 735.79052 735.83721 735.88186 735.92443 735.9649 736.00326 736.0395 736.0736 736.10558 736.13544 736.1632 736.18887 736.21247 736.23404 736.2536 736.2712 736.28686 736.30065 736.31259 736.32276 736.3312 736.33796 736.34311 736.34671 736.34883 736.34953 736.34888
734.19501 734.25152 734.30951 734.36885 734.42942 734.49109 734.55374 734.61723 734.68143 734.7462 734.81141 734.87692 734.94259 735.00829 735.07389 735.13925 735.20424 735.26874 735.33262 735.39577 735.45806 735.5194 735.57966 735.63876 735.69659 735.75307 735.80811 735.86164 735.91357 735.96385 736.01241 736.05919 736.10416 736.14726 736.18846 736.22773 736.26504 736.30038 736.33374 736.36509 736.39445 736.42182 736.44719 736.4706 736.49205 736.51156 736.52917 736.5449 736.55879 736.57088 736.58121 736.58983 736.59678 736.60212 736.60589 736.60817 736.609 736.60845 736.60658 736.60346
