Data/yield_ri3.tif
NCOLS 166
NROWS 297
XLLCORNER 97.345192
YLLCORNER 5.6160421
DX 0.04996348
DY 0.049990468
NODATA_VALUE -9999
[rows 26 to 51 of 297, columns 60 to 119 of 166]
802.38155 799.71451 797.17203 794.74662 792.43084 790.21773 788.10098 786.07504 784.13512 782.27707 780.49731 778.79271 777.16048 775.59805 774.10302 772.67309 771.30602 769.99958 768.75155 767.55971 766.42184 765.33573 764.29915 763.30991 762.36584 761.4648 760.60468 759.78344 758.99908 758.24966 757.5333 756.84817 756.19252 755.56466 754.96297 754.38587 753.83188 753.29954 752.78748 752.2944 751.81903 751.36018 750.91674 750.48764 750.07188 749.66855 749.27677 748.89577 748.52482 748.16328 747.81057 747.46617 747.12965 746.80063 746.47878 746.16384 745.85559 745.55389 745.25859 744.96963
798.84704 796.30869 793.88828 791.5797 789.3767 787.27317 785.26341 783.34221 781.50494 779.74744 778.06606 776.45751 774.91882 773.44726 772.04028 770.69546 769.41046 768.18299 767.01082 765.89174 764.82354 763.80406 762.83116 761.90273 761.01667 760.17096 759.36358 758.59261 757.85614 757.15233 756.4794 755.83563 755.21935 754.62897 754.06293 753.51974 752.99798 752.49627 752.01328 751.54777 751.09852 750.66438 750.24427 749.83717 749.44212 749.05822 748.68465 748.32066 747.96557 747.61876 747.27972 746.94796 746.62309 746.30479 745.99278 745.68686 745.38686 745.09268 744.80426 744.52156
795.31644 792.90358 790.60355 788.41102 786.32042 784.32621 782.4231 780.60617 778.8709 777.21319 775.62931 774.1159 772.66986 771.28834 769.96868 768.70835 767.50494 766.35612 765.25962 764.21324 763.21478 762.26214 761.35322 760.48597 759.65838 758.86852 758.11446 757.39435 756.7064 756.04885 755.42003 754.81828 754.24205 753.6898 753.16006 752.65142 752.16251 751.69202 751.23867 750.80126 750.37863 749.96966 749.5733 749.18856 748.81452 748.45032 748.09516 747.74832 747.40917 747.07713 746.75171 746.4325 746.11916 745.8114 745.50901 745.21184 744.91979 744.63282 744.35092 744.07411
791.79115 789.50037 787.31867 785.241 783.26211 781.37677 779.57994 777.86686 776.23312 774.67463 773.18765 771.76874 770.41473 769.12268 767.88983 766.71358 765.59146 764.52109 763.50018 762.52651 761.59793 760.71234 759.86769 759.062 758.29334 757.55981 756.85959 756.19092 755.55207 754.94139 754.35729 753.79819 753.26262 752.74913 752.25631 751.78281 751.32734 750.88863 750.46546 750.05666 749.66111 749.27774 748.90551 748.54348 748.19073 747.84644 747.50984 747.18026 746.85707 746.53976 746.22788 745.92107 745.61903 745.32155 745.02848 744.73973 744.45526 744.17509 743.89929 743.62795
788.27131 786.09947 784.03409 782.07002 780.20205 778.42507 776.73412 775.12455 773.59197 772.13231 770.74182 769.41701 768.15463 766.95168 765.80533 764.71292 763.67193 762.67993 761.73461 760.83377 759.97524 759.15695 758.3769 757.63315 756.92382 756.24709 755.60122 754.98451 754.39533 753.83209 753.29327 752.77742 752.2831 751.80894 751.35361 750.91584 750.49436 750.08797 749.69549 749.3158 748.94779 748.59043 748.24271 747.90368 747.57248 747.24829 746.93037 746.61807 746.31082 746.00814 745.70964 745.41499 745.12397 744.83643 744.55229 744.27152 743.99418 743.72034 743.45014 743.18374
784.75617 782.70076 780.74998 778.89838 777.14059 775.47147 773.88606 772.3797 770.94802 769.58696 768.29271 767.06174 765.89078 764.77675 763.71676 762.7081 761.7482 760.83461 759.965 759.13714 758.34889 757.59819 756.88307 756.20164 755.55207 754.93261 754.34156 753.77732 753.23831 752.72305 752.23007 751.75801 751.30549 750.87123 750.45397 750.05246 749.66552 749.29198 748.93071 748.5806 748.24059 747.90964 747.58677 747.27105 746.96161 746.65767 746.3585 746.06349 745.77209 745.48387 745.19849 744.91569 744.63531 744.35728 744.08158 743.80828 743.5375 743.26941 743.00421 742.74216
781.24455 779.30379 777.46634 775.72631 774.07812 772.51645 771.03629 769.63295 768.30201 767.0394 765.84127 764.70406 763.62444 762.59929 761.62566 760.7008 759.82209 758.98705 758.19334 757.4387 756.72101 756.03822 755.3884 754.76968 754.18029 753.61853 753.08278 752.57149 752.08316 751.61638 751.16977 750.74202 750.33185 749.93803 749.55936 749.19467 748.84281 748.50266 748.1731 747.85307 747.5415 747.23737 746.93971 746.64757 746.36012 746.07654 745.79616 745.51837 745.24266 744.96866 744.69607 744.4247 744.15449 743.88542 743.61757 743.35111 743.08623 742.8232 742.56231 742.30389
777.73527 775.9081 774.18317 772.55413 771.01511 769.5606 768.18549 766.88503 765.65476 764.49055 763.38854 762.34512 761.35691 760.42073 759.5336 758.6927 757.89539 757.13914 756.42159 755.74048 755.09369 754.47918 753.89503 753.33943 752.81065 752.30703 751.82703 751.36915 750.93198 750.51417 750.11442 749.7315 749.3642 749.01136 748.67183 748.3445 748.02827 747.72205 747.42474 747.1353 746.85265 746.57577 746.30367 746.03542 745.77013 745.50703 745.24542 744.98473 744.72449 744.46436 744.20413 743.94368 743.68302 743.42224 743.16153 742.90115 742.64139 742.38262 742.12523 741.86963
774.22745 772.51346 770.90065 769.38227 767.95214 766.6046 765.33441 764.13675 763.00714 761.94139 760.9356 759.98611 759.08949 758.2425 757.44211 756.68546 755.96985 755.29272 754.65169 754.04449 753.46897 752.92314 752.40508 751.91302 751.44527 751.00024 750.57643 750.17241 749.78686 749.4185 749.0661 748.72851 748.40459 748.09325 747.79341 747.50401 747.22398 746.95227 746.68779 746.42948 746.17627 745.92712 745.68099 745.43691 745.194 744.95145 744.70857 744.46479 744.2197 743.97301 743.72458 743.47439 743.22255 742.96926 742.71482 742.45962 742.20406 741.94862 741.69379 741.44008
770.72086 769.1201 767.6193 766.2114 764.88998 763.64924 762.48388 761.389 760.36009 759.39291 758.48352 757.62821 756.82347 756.06601 755.35274 754.68072 754.04722 753.44965 752.88556 752.35269 751.8489 751.37218 750.92065 750.49257 750.08628 749.70026 749.33307 748.98337 748.64988 748.33141 748.02684 747.73506 747.45504 747.18575 746.92617 746.67529 746.43208 746.19551 745.9645 745.73796 745.51479 745.29389 745.07418 744.85464 744.63432 744.41238 744.18813 743.96102 743.73067 743.49685 743.25953 743.01878 742.77485 742.52807 742.27888 742.02778 741.77534 741.52215 741.26881 741.01594
767.21618 765.72888 764.34009 763.0425 761.82958 760.69546 759.6348 758.64267 757.71453 756.84611 756.03339 755.27259 754.56014 753.89267 753.26699 752.68013 752.12925 751.61174 751.12512 750.66709 750.2355 749.82837 749.44383 749.08017 748.73578 748.4092 748.09906 747.80408 747.52309 747.25496 746.99866 746.75319 746.51758 746.29088 746.07216 745.86044 745.65475 745.45404 745.25723 745.0632 744.87078 744.67879 744.48605 744.29145 744.09397 743.89272 743.68696 743.47618 743.26003 743.03838 742.81129 742.57899 742.34186 742.1004 741.85522 741.60698 741.35639 741.10419 740.85112 740.5979
763.7152 762.34151 761.06454 759.87691 758.7721 757.74426 756.78808 755.89864 755.07137 754.30193 753.58624 752.92041 752.30078 751.72388 751.18641 750.68531 750.21769 749.78085 749.37228 748.98965 748.63082 748.29378 747.97671 747.67792 747.39588 747.12916 746.87646 746.63662 746.40851 746.19115 745.98357 745.78487 745.59419 745.41068 745.23345 745.06161 744.8942 744.7302 744.56848 744.40786 744.24707 744.08479 743.91972 743.75059 743.57626 743.39575 743.20831 743.0134 742.81077 742.60038 742.38244 742.15734 741.92567 741.68811 741.44547 741.1986 740.94839 740.69574 740.44153 740.18661
760.22108 758.96065 757.79481 756.71632 755.71884 754.79667 753.94459 753.1577 752.43138 751.76123 751.14302 750.57276 750.04663 749.56101 749.11251 748.69793 748.3143 747.95884 747.629 747.32241 747.0369 746.77051 746.5214 746.28795 746.06867 745.8622 745.66735 745.483 745.30817 745.14195 744.98351 744.83206 744.68685 744.54711 744.41208 744.28091 744.15269 744.02639 743.90085 743.77477 743.64673 743.51523 743.37873 743.23576 743.08499 742.92531 742.75592 742.57631 742.38631 742.18603 741.97587 741.75645 741.52858 741.29319 741.05133 740.80408 740.55254 740.29778 740.04084 739.78271
756.73863 755.59005 754.53366 753.56268 752.67116 751.85365 751.10505 750.42048 749.79523 749.22474 748.70462 748.23067 747.79887 747.40544 747.04681 746.71965 746.42087 746.14762 745.89726 745.6674 745.45586 745.26067 745.08005 744.91239 744.75628 744.61044 744.47376 744.34525 744.22403 744.10931 744.0004 743.89665 743.79742 743.7021 743.61002 743.52043 743.43246 743.3451 743.2571 743.16702 743.07323 742.97391 742.8672 742.75132 742.62464 742.48591 742.33422 742.16913 741.9906 741.79897 741.59487 741.37922 741.15312 740.91782 740.67464 740.42494 740.17006 739.91128 739.64981 739.38677
753.27454 752.23453 751.28433 750.41802 749.63022 748.91583 748.26984 747.68729 747.16328 746.69299 746.27175 745.89508 745.55868 745.25854 744.99088 744.7522 744.53928 744.34915 744.17912 744.02676 743.88986 743.76647 743.65483 743.55341 743.46085 743.37598 743.29778 743.22538 743.15804 743.09513 743.03609 742.98043 742.92771 742.87745 742.82915 742.78217 742.73573 742.6888 742.64009 742.58795 742.5304 742.46521 742.39001 742.3025 742.20067 742.08298 741.9485 741.79686 741.62828 741.44337 741.24315 741.02889 740.80208 740.56431 740.31729 740.06269 739.80214 739.53715 739.26912 738.99929
749.83767 748.8999 748.05024 747.28404 746.59667 745.98329 745.43882 744.95801 744.53558 744.16628 743.845 743.56684 743.32718 743.12167 742.9463 742.79735 742.67143 742.56548 742.47673 742.40268 742.34114 742.29015 742.24801 742.21324 742.18458 742.16095 742.14146 742.12538 742.11212 742.10122 742.09232 742.08512 742.07938 742.07484 742.07119 742.06799 742.06457 742.05997 742.0528 742.04117 742.02265 741.99434 741.95309 741.89579 741.81981 741.72328 741.60522 741.46554 741.30481 741.12414 740.925 740.70914 740.47852 740.2352 739.98131 739.7189 739.44996 739.17624 738.89935 738.62066
746.43907 745.59241 744.83422 744.16146 743.57008 743.05512 742.61103 742.23191 741.91175 741.6446 741.42475 741.24675 741.10549 740.99627 740.91475 740.85698 740.8194 740.7988 740.79235 740.7975 740.81205 740.83407 740.86192 740.89418 740.92969 740.96751 741.00688 741.04722 741.08814 741.12937 741.17077 741.21228 741.25393 741.29572 741.33763 741.37948 741.42085 741.46089 741.49819 741.53058 741.55501 741.56759 741.56388 741.53949 741.49075 741.41535 741.31244 741.18247 741.02671 740.84696 740.64532 740.42411 740.18586 739.9332 739.66876 739.39511 739.11458 738.82927 738.54095 738.25111
743.09118 742.31732 741.6372 741.04893 740.54816 740.12894 739.78444 739.50747 739.29086 739.12766 739.01127 738.93553 738.89478 738.88384 738.89803 738.93313 738.98537 739.05144 739.1284 739.21369 739.30509 739.40073 739.49901 739.59862 739.69852 739.79789 739.89614 739.99289 740.08794 740.18126 740.27297 740.36331 740.45262 740.54126 740.6296 740.71787 740.80601 740.8935 740.97906 741.06027 741.13331 741.19278 741.23214 741.24471 741.2251 741.1704 741.08038 740.95666 740.80179 740.61855 740.4098 740.17852 739.92789 739.66122 739.38181 739.09278 738.79696 738.49675 738.19414 737.89068
739.80496 739.07595 738.45585 737.9415 737.52592 737.20042 736.95565 736.78232 736.67151 736.61487 736.60469 736.63396 736.69631 736.78606 736.89812 737.02802 737.17178 737.32595 737.48752 737.65391 737.82294 737.99277 738.16188 738.32909 738.49348 738.65439 738.81142 738.9644 739.11336 739.25855 739.40037 739.53944 739.67647 739.81229 739.94779 740.08377 740.22083 740.35906 740.49765 740.63422 740.76413 740.87985 740.97121 741.02719 741.03918 741.00364 740.92216 740.79913 740.63929 740.44673 740.22503 739.97778 739.70887 739.42243 739.12261 738.81327 738.49779 738.17894 737.85886 737.53913
736.58211 735.86003 735.2793 734.82882 734.49472 734.26287 734.11984 734.05325 734.05184 734.10551 734.20521 734.34292 734.51154 734.70482 734.91729 735.14416 735.38129 735.62512 735.87258 736.12108 736.36849 736.61303 736.85331 737.08825 737.31711 737.5394 737.75494 737.96377 738.16621 738.3628 738.55429 738.7417 738.9262 739.10921 739.29228 739.47704 739.66508 739.85761 740.05497 740.25562 740.45459 740.64166 740.80037 740.91086 740.95751 740.93642 740.85472 740.72312 740.55004 740.34069 740.0988 739.82824 739.53363 739.22022 738.89329 738.55768 738.21743 737.87568 737.53467 737.19587
733.39893 732.64349 732.08541 731.69376 731.44189 731.3073 731.27092 731.31643 731.4298 731.59888 731.81318 732.0636 732.34228 732.64241 732.95813 733.28441 733.61695 733.95209 734.28675 734.61838 734.94489 735.26461 735.57628 735.87898 736.17213 736.45546 736.72902 736.99312 737.24835 737.49558 737.73597 737.97095 738.20228 738.432 738.66253 738.89657 739.13713 739.38727 739.64964 739.92525 740.2109 740.49445 740.74931 740.93573 741.02016 740.99992 740.89929 740.74367 740.54628 740.3113 740.04063 739.73762 739.40786 739.05826 738.69581 738.32667 737.95566 737.58623 737.22057 736.85987
730.18349 729.3753 728.8392 728.51251 728.35134 728.32304 728.40209 728.5679 728.80349 729.09464 729.42941 729.79766 730.1908 730.60155 731.02371 731.45206 731.88217 732.31037 732.73358 733.14932 733.5556 733.95088 734.33404 734.70435 735.06145 735.40529 735.73616 736.05466 736.36169 736.65849 736.9466 737.22797 737.50491 737.78024 738.05732 738.34017 738.63364 738.94345 739.27616 739.63843 740.03416 740.456 740.86613 741.17812 741.30074 741.24016 741.07926 740.87545 740.64146 740.37212 740.06295 739.7159 739.33843 738.94049 738.53176 738.12019 737.71144 737.30906 736.91488 736.5295
726.80825 725.98272 725.49676 725.25756 725.20563 725.29916 725.50686 725.80425 726.17171 726.59317 727.05542 727.54744 728.06006 728.58561 729.11768 729.65093 730.1809 730.70393 731.21703 731.71782 732.20444 732.67552 733.13013 733.56775 733.98824 734.39181 734.77902 735.15077 735.5083 735.8532 736.18745 736.51348 736.83422 737.15324 737.47493 737.80474 738.14958 738.51844 738.92328 739.3802 739.90996 740.53205 741.22658 741.81255 741.95758 741.71817 741.40846 741.12795 740.85134 740.54249 740.1839 739.77685 739.33389 738.87088 738.40184 737.93696 737.48248 737.04154 736.61504 736.20248
723.136 722.39333 722.01619 721.90352 721.98921 722.22646 722.58027 723.02348 723.53453 724.09601 724.69378 725.31624 725.95383 726.59871 727.24438 727.88548 728.51763 729.13728 729.74155 730.32823 730.89565 731.44262 731.96845 732.47286 732.95595 733.41822 733.86051 734.28405 734.69041 735.08156 735.45989 735.82832 736.19035 736.55029 736.91348 737.2867 737.67883 738.10206 738.57394 739.12172 739.79124 740.66581 741.88553 743.35177 743.39377 742.44878 741.85648 741.50237 741.20136 740.85579 740.43282 739.94043 739.40465 738.85266 738.30488 737.7736 737.26465 736.77956 736.31736 735.87571
719.10128 718.56513 718.37056 718.43341 718.6919 719.09949 719.62023 720.22587 720.8939 721.60628 722.34842 723.10851 723.87694 724.64587 725.40891 726.16087 726.89752 727.61549 728.31213 728.98542 729.63392 730.2567 730.85331 731.42373 731.96837 732.48802 732.98383 733.45736 733.91053 734.34566 734.76556 735.17358 735.57375 735.97098 736.37139 736.78279 737.21555 737.684 738.20937 738.82594 739.59632 740.65766 742.40687 746.75866 745.77552 743.07747 742.32069 742.01314 741.75106 741.3775 740.85973 740.23528 739.56186 738.88622 738.23602 737.62346 737.05125 736.5172 736.01691 735.54526
714.73358 714.49844 714.55423 714.84226 715.31106 715.918 716.6285 717.41468 718.25419 719.12906 720.02489 720.9301 721.83535 722.73312 723.61732 724.48307 725.32644 726.14433 726.93437 727.69482 728.4245 729.12277 729.78946 730.42486 731.0297 731.60509 732.15253 732.67391 733.17148 733.64794 734.10646 734.55076 734.9853 735.41546 735.84788 736.29097 736.75574 737.2572 737.81683 738.46759 739.26461 740.31017 741.80283 743.79642 743.946 743.03706 742.7732 742.763 742.64711 742.23972 741.54877 740.69836 739.81242 738.9644 738.18365 737.47494 736.83235 736.24645 735.70747 735.20642
