Data/yield_op.tif
NCOLS 166
NROWS 297
XLLCORNER 97.345192
YLLCORNER 5.6160421
DX 0.04996348
DY 0.049990468
NODATA_VALUE -9999
[rows 26 to 51 of 297, columns 60 to 119 of 166]
1234.9659 1193.0948 1147.7851 1100.8505 1053.8328 1008.4325 966.7573 931.25916 904.34639 887.8109 882.33787 887.3469 901.22564 921.80508 946.84675 974.38381 1002.8778 1031.2334 1058.736 1084.9631 1109.6995 1132.8678 1154.4771 1174.5877 1193.287 1210.675 1226.8544 1241.9255 1255.9837 1269.1173 1281.4077 1292.9289 1303.7483 1313.9267 1323.5192 1332.5752 1341.1396 1349.2525 1356.9502 1364.2656 1371.2282 1377.865 1384.2005 1390.2574 1396.0567 1401.6179 1406.9596 1412.099 1417.0527 1421.8357 1426.4621 1430.944 1435.2914 1439.5118 1443.6091 1447.5838 1451.4318 1455.1448 1458.7094 1462.1082
1205.6964 1164.0269 1117.6408 1068.0711 1016.8412 965.95321 918.20012 877.07173 846.1477 828.14859 824.10404 833.10453 852.74023 879.9147 911.60494 945.32173 979.25869 1012.2399 1043.5832 1072.9534 1100.2406 1125.4709 1148.7453 1170.2019 1189.9917 1208.2657 1225.1676 1240.8303 1255.3747 1268.9098 1281.5333 1293.3326 1304.3856 1314.7619 1324.5234 1333.7254 1342.4173 1350.6432 1358.4422 1365.8495 1372.8968 1379.6124 1386.0223 1392.15 1398.0177 1403.6459 1409.0544 1414.2619 1419.2864 1424.1449 1428.8534 1433.4262 1437.8752 1442.2098 1446.4353 1450.5527 1454.5576 1458.4401 1462.1841 1465.7677
1170.692 1130.3068 1083.9097 1032.5542 977.56816 921.14411 866.79043 819.26542 783.7107 764.14638 762.08759 776.14449 802.79486 837.722 876.95237 917.4361 957.13889 994.8729 1030.0551 1062.4906 1092.2121 1119.3726 1144.1795 1166.856 1187.6206 1206.6767 1224.2089 1240.3818 1255.3411 1269.2152 1282.1174 1294.1473 1305.3927 1315.9311 1325.8309 1335.1526 1343.9498 1352.2698 1360.1546 1367.6412 1374.7628 1381.5489 1388.0264 1394.2195 1400.1511 1405.8426 1411.3148 1416.5877 1421.6811 1426.6143 1431.4056 1436.0719 1440.6283 1445.0863 1449.4537 1453.7325 1457.9186 1462.0006 1465.9594 1469.7678
1133.8126 1095.3559 1049.7712 997.50486 939.50361 877.95563 816.97218 762.66318 722.03525 700.76888 701.02956 720.81725 755.21237 798.44152 845.48585 892.75671 938.06611 980.29231 1019.0118 1054.209 1086.0806 1114.9166 1141.0331 1164.7377 1186.3132 1206.0119 1224.0557 1240.6377 1255.9256 1270.0651 1283.1829 1295.3892 1306.7806 1317.4415 1327.446 1336.8592 1345.738 1354.1327 1362.0874 1369.6407 1376.8267 1383.6757 1390.2148 1396.4687 1402.4605 1408.212 1413.7448 1419.0805 1424.2405 1429.2466 1434.1203 1438.8821 1443.5506 1448.1412 1452.6647 1457.1257 1461.5207 1465.8375 1470.0536 1474.1361
1098.3895 1062.3521 1018.397 966.35269 906.67448 841.34051 774.81433 714.37985 668.91864 645.93857 648.39969 673.69382 715.42947 766.34727 820.43414 873.65359 923.74732 969.71403 1011.3151 1048.7188 1082.2792 1112.4115 1139.5274 1164.0063 1186.1846 1206.3547 1224.7685 1241.6416 1257.1595 1271.4812 1284.7442 1297.0675 1308.5545 1319.2953 1329.3686 1338.8433 1347.7793 1356.229 1364.238 1371.846 1379.0876 1385.9931 1392.5894 1398.9008 1404.9501 1410.7593 1416.3503 1421.7457 1426.9692 1432.0455 1436.9996 1441.8569 1446.6409 1451.3722 1456.0664 1460.7317 1465.367 1469.9595 1474.4838 1478.9004
1066.5641 1033.5212 992.19478 941.90947 882.65389 816.07643 746.6795 682.44369 633.64445 609.34066 613.30678 642.57432 689.6273 746.05564 805.10361 862.4313 915.76371 964.21497 1007.6972 1046.5191 1081.1499 1112.0928 1139.8254 1164.7753 1187.3142 1207.7606 1226.3855 1243.4196 1259.0596 1273.4736 1286.8065 1299.1833 1310.7125 1321.4884 1331.5933 1341.0988 1350.0672 1358.5524 1366.601 1374.2532 1381.5432 1388.5008 1395.1519 1401.5196 1407.6257 1413.4915 1419.1389 1424.5913 1429.8744 1435.0162 1440.0467 1444.9968 1449.897 1454.775 1459.6533 1464.546 1469.4559 1474.3714 1479.2644 1484.0881
1039.2018 1009.8799 972.36939 925.69173 869.52456 805.20434 737.00367 672.93111 623.69653 599.08488 603.46873 633.99792 682.85046 741.19839 801.98894 860.75393 915.20714 964.50598 1008.6199 1047.9103 1082.8882 1114.0883 1142.0107 1167.0992 1189.737 1210.2512 1228.9195 1245.9778 1261.6273 1276.0402 1289.3648 1301.7295 1313.2458 1324.0108 1334.1093 1343.6148 1352.5911 1361.0933 1369.1683 1376.8559 1384.1897 1391.1978 1397.9042 1404.3301 1410.495 1416.4186 1422.1218 1427.6286 1432.9665 1438.1672 1443.2665 1448.3029 1453.3157 1458.3426 1463.4158 1468.5585 1473.7799 1479.0719 1484.4046 1489.7241
1016.1234 991.32693 958.85251 917.63716 867.26079 808.86128 746.31407 687.00793 640.97427 617.60539 621.43128 650.21428 696.83996 752.99492 811.88348 869.10929 922.36323 970.74574 1014.1651 1052.9293 1087.5058 1118.3958 1146.074 1170.9651 1193.4388 1213.812 1232.3558 1249.3016 1264.848 1279.166 1292.4038 1304.6904 1316.1384 1326.8464 1336.9004 1346.3754 1355.3361 1363.8381 1371.9282 1379.6454 1387.0215 1394.0824 1400.849 1407.3391 1413.5687 1419.5544 1425.3151 1430.8742 1436.261 1441.5112 1446.6675 1451.7778 1456.8935 1462.0653 1467.3395 1472.7521 1478.3232 1484.0508 1489.906 1495.8275
996.43696 976.92535 950.53627 916.29233 873.85149 824.26599 770.92975 720.16832 680.50279 660.01012 662.89555 687.78596 729.02747 779.60281 833.48972 886.5862 936.58797 982.47396 1023.9997 1061.3317 1094.8211 1124.8788 1151.9114 1176.2933 1198.3571 1218.3933 1236.6539 1253.357 1268.6921 1282.8244 1295.8988 1308.0425 1319.3675 1329.9727 1339.9449 1349.3597 1358.2826 1366.7692 1374.8658 1382.6101 1390.0315 1397.1525 1403.9897 1410.5557 1416.8614 1422.9183 1428.7415 1434.3524 1439.7812 1445.068 1450.2635 1455.4278 1460.6275 1465.9312 1471.4042 1477.1012 1483.0584 1489.2854 1495.7574 1502.4077
978.86395 965.25957 945.69267 919.36047 886.0853 846.88429 804.63515 764.42804 732.94823 716.55016 718.79537 739.11832 773.55578 816.75728 863.80772 911.10893 956.45047 998.69992 1037.4314 1072.6282 1104.4841 1133.2838 1159.3369 1182.9452 1204.3875 1223.9148 1241.7507 1258.0929 1273.117 1286.9788 1299.8169 1311.7552 1322.904 1333.3618 1343.2156 1352.5416 1361.4059 1369.8641 1377.9619 1385.7351 1393.2102 1400.4051 1407.3306 1413.9922 1420.3931 1426.537 1432.4328 1438.0976 1443.5611 1448.8677 1454.0774 1459.2651 1464.5173 1469.9264 1475.5835 1481.5694 1487.944 1494.7358 1501.9297 1509.4572
962.02817 954.79101 942.44052 924.36723 900.5657 872.01459 841.0837 811.68592 788.78034 777.06813 779.37547 795.71065 823.59439 859.29259 899.08563 940.01577 980.08246 1018.1147 1053.5396 1086.1669 1116.0288 1143.2743 1168.1052 1190.74 1211.3948 1230.2739 1247.5666 1263.4462 1278.0709 1291.5847 1304.1187 1315.7923 1326.7137 1336.9806 1346.6803 1355.89 1364.6765 1373.0957 1381.1928 1389.0016 1396.5453 1403.836 1410.877 1417.6643 1424.19 1430.4468 1436.4331 1442.1587 1447.6502 1452.9552 1458.1447 1463.3116 1468.5679 1474.0371 1479.845 1486.1081 1492.9206 1500.3393 1508.3681 1516.9427
944.70103 944.1622 939.14106 929.20721 914.50279 895.95401 875.47791 856.00525 841.10222 834.13297 837.25765 850.80909 873.39973 902.6111 935.80565 970.69617 1005.582 1039.3453 1071.336 1101.2353 1128.9396 1154.4751 1177.9413 1199.4745 1219.2272 1237.3556 1254.013 1269.3467 1283.4963 1296.5934 1308.7609 1320.1138 1330.7582 1340.7915 1350.302 1359.3684 1368.0589 1376.4307 1384.5288 1392.3856 1400.0203 1407.4387 1414.6345 1421.5913 1428.2862 1434.6957 1440.8024 1446.6034 1452.1185 1457.3966 1462.5201 1467.6045 1472.7939 1478.2521 1484.1511 1490.6557 1497.9071 1506.0042 1514.9825 1524.7924
926.00743 932.42304 934.65634 932.44943 926.07895 916.42768 905.05359 894.14595 886.25283 883.76252 888.30399 900.35125 919.22818 943.46735 971.29679 1001.0383 1031.3263 1061.1679 1089.908 1117.1568 1142.7161 1166.5162 1188.5708 1208.9444 1227.7318 1245.0441 1261.0006 1275.7236 1289.3352 1301.955 1313.6988 1324.6775 1334.9964 1344.7535 1354.0392 1362.935 1371.5119 1379.8294 1387.9336 1395.8563 1403.613 1411.2026 1418.6076 1425.7956 1432.7239 1439.3459 1445.6206 1451.5247 1457.0645 1462.2868 1467.2857 1472.2035 1477.2253 1482.5675 1488.4621 1495.1376 1502.7988 1511.6035 1521.6364 1532.8788
905.60086 919.17525 928.46235 933.40789 934.4452 932.45527 928.74943 925.00152 923.06256 924.65 930.9977 942.61182 959.24005 980.04766 1003.8962 1029.6052 1056.1282 1082.6332 1108.5136 1133.3608 1156.9239 1179.0692 1199.7465 1218.9639 1236.7682 1253.2325 1268.4468 1282.5115 1295.5334 1307.6224 1318.8889 1329.4415 1339.386 1348.823 1357.8467 1366.543 1374.9876 1383.2442 1391.3621 1399.3739 1407.2927 1415.1106 1422.7973 1430.3012 1437.5533 1444.4753 1450.9917 1457.047 1462.6237 1467.7599 1472.5604 1477.2001 1481.9162 1486.993 1492.74 1499.4684 1507.4658 1516.9696 1528.1357 1540.9994
883.80978 904.63974 920.64252 932.04926 939.51026 943.97033 946.60497 948.7558 951.81599 957.0545 965.41925 977.39163 992.95143 1011.6589 1032.8096 1055.5991 1079.2529 1103.1037 1126.6227 1149.4194 1171.2254 1191.8718 1211.2675 1229.38 1246.2207 1261.8329 1276.2834 1289.6557 1302.0452 1313.5548 1324.292 1334.3661 1343.8853 1352.9551 1361.6757 1370.1399 1378.4306 1386.6185 1394.7585 1402.8868 1411.0164 1419.1339 1427.1961 1435.1288 1442.83 1450.1779 1457.0476 1463.3338 1468.979 1474.0013 1478.5137 1482.7299 1486.9546 1491.56 1496.9557 1503.5571 1511.7564 1521.8928 1534.219 1548.8541
861.73116 889.64125 911.78731 928.80968 941.65881 951.41498 959.21023 966.18572 973.43735 981.9314 992.40466 1005.2844 1020.6615 1038.3278 1057.8599 1078.7208 1100.3501 1122.2285 1143.9139 1165.0554 1185.3914 1204.7409 1222.9907 1240.0835 1256.0066 1270.7829 1284.4627 1297.1182 1308.8376 1319.7209 1329.8761 1339.4158 1348.4542 1357.1041 1365.4746 1373.6681 1381.778 1389.885 1398.0537 1406.3275 1414.7237 1423.2266 1431.7812 1440.2892 1448.6084 1456.56 1463.9484 1470.593 1476.371 1481.2614 1485.3788 1488.9848 1492.4727 1496.3305 1501.0962 1507.3144 1515.5032 1526.125 1539.5545 1556.0282
841.19937 875.47989 902.80768 924.36154 941.4687 955.40021 967.30517 978.20377 988.98771 1000.4035 1013.0183 1027.1856 1043.0308 1060.4682 1079.2465 1099.0093 1119.3551 1139.8873 1160.2467 1180.1304 1199.2987 1217.5738 1234.8354 1251.0136 1266.0821 1280.0514 1292.9624 1304.8812 1315.8941 1326.1023 1335.6185 1344.5622 1353.0566 1361.2255 1369.1897 1377.065 1384.9583 1392.9647 1401.1628 1409.6091 1418.3306 1427.3156 1436.5024 1445.7695 1454.9287 1463.729 1471.8764 1479.078 1485.1049 1489.8658 1493.4649 1496.2235 1498.6549 1501.4033 1505.1718 1510.6621 1518.5361 1529.3935 1543.7493 1561.9879
824.51493 863.64483 894.65756 919.34582 939.4477 956.44285 971.51592 985.59387 999.39978 1013.4919 1028.2793 1044.0215 1060.8266 1078.6599 1097.3669 1116.7078 1136.3951 1156.1287 1175.6226 1194.6228 1212.9182 1230.3441 1246.7826 1262.1603 1276.4453 1289.6424 1301.7893 1312.9516 1323.2183 1332.6969 1341.5089 1349.785 1357.6615 1365.2764 1372.7663 1380.2632 1387.8917 1395.7655 1403.9828 1412.6197 1421.7217 1431.2902 1441.2665 1451.5125 1461.7931 1471.7697 1481.0164 1489.0742 1495.5461 1500.2175 1503.1597 1504.7712 1505.7346 1506.91 1509.2158 1513.5396 1520.697 1531.4244 1546.3777 1566.104
813.84251 855.353 887.97432 914.0822 935.79336 954.76489 972.18827 988.87417 1005.3611 1022.0074 1039.0494 1056.6277 1074.7958 1093.5229 1112.7029 1132.1691 1151.7151 1171.1159 1190.1478 1208.603 1226.3006 1243.0934 1258.8716 1273.564 1287.138 1299.5981 1310.9835 1321.3643 1330.8375 1339.5216 1347.5519 1355.0751 1362.245 1369.2178 1376.1492 1383.1913 1390.4902 1398.1823 1406.391 1415.2199 1424.7428 1434.9882 1445.9157 1457.3858 1469.1249 1480.6974 1491.5074 1500.8576 1508.0873 1512.7706 1514.9051 1514.9932 1513.9655 1512.9898 1513.2676 1515.9009 1521.8535 1531.9736 1547.0309 1567.7179
810.34635 850.98379 882.68877 908.28704 930.18617 950.14673 969.29206 988.24249 1007.2876 1026.5362 1046.0158 1065.7196 1085.6195 1105.6615 1125.7603 1145.7973 1165.6269 1185.085 1204.0014 1222.2102 1239.56 1255.9219 1271.1957 1285.3143 1298.2473 1310.0017 1320.6218 1330.1868 1338.8064 1346.6158 1353.7699 1360.4366 1366.792 1373.015 1379.2843 1385.7754 1392.6587 1400.0975 1408.2451 1417.2399 1427.1954 1438.183 1450.2034 1463.1416 1476.7085 1490.3775 1503.3485 1514.5955 1523.0527 1527.9406 1529.1103 1527.2082 1523.5399 1519.7207 1517.3244 1517.6901 1521.9001 1530.8579 1545.3823 1566.2516
813.38804 849.59531 877.70753 900.85433 921.64349 941.84426 962.39267 983.58958 1005.3618 1027.4862 1049.7309 1071.9158 1093.9177 1115.6512 1137.0434 1158.0162 1178.4768 1198.3154 1217.4103 1235.6337 1252.8611 1268.9797 1283.8971 1297.5493 1309.9073 1320.9812 1330.8227 1339.5235 1347.2118 1354.0456 1360.2059 1365.8886 1371.2976 1376.6395 1382.1197 1387.9399 1394.2971 1401.3835 1409.3857 1418.482 1428.8351 1440.5761 1453.7722 1468.3705 1484.1091 1500.4019 1516.2321 1530.147 1540.4841 1545.8882 1545.9404 1541.4908 1534.4178 1526.9855 1521.249 1518.7874 1520.7382 1527.9692 1541.249 1561.3406
820.25531 848.76091 870.79674 889.77523 908.48341 928.60382 950.71217 974.59095 999.63617 1025.184 1050.6922 1075.795 1100.2822 1124.0501 1147.0511 1169.2552 1190.6259 1211.1091 1230.6298 1249.0962 1266.4065 1282.4592 1297.1646 1310.4563 1322.3026 1332.7147 1341.752 1349.5224 1356.178 1361.9077 1366.9268 1371.4672 1375.768 1380.0689 1384.6056 1389.6082 1395.3013 1401.906 1409.6416 1418.7275 1429.3799 1441.8007 1456.1473 1472.4691 1490.5915 1509.9345 1529.2957 1546.7234 1559.7334 1566.0847 1564.8946 1557.2993 1546.0314 1534.2635 1524.6347 1518.9274 1518.2316 1523.2626 1534.6222 1552.937
826.71297 844.90033 858.79013 872.29468 888.48236 908.84521 933.33304 960.91036 990.21527 1020.024 1049.4531 1077.9714 1105.3216 1131.4219 1156.282 1179.9424 1202.4372 1223.7745 1243.9284 1262.8404 1280.4266 1296.589 1311.2308 1324.2736 1335.6739 1345.4384 1353.6325 1360.3832 1365.8742 1370.3348 1374.0264 1377.2274 1380.221 1383.2864 1386.6938 1390.703 1395.5653 1401.5275 1408.8374 1417.7495 1428.5286 1441.4465 1456.7597 1474.6488 1495.0848 1517.5847 1540.8506 1562.4361 1578.8495 1586.6158 1584.137 1572.9275 1556.9024 1540.3965 1526.6743 1517.6234 1514.1564 1516.7201 1525.6491 1541.3287
828.28203 834.16444 838.25222 845.46163 859.3787 881.13815 909.63012 942.56107 977.53303 1012.6649 1046.7537 1079.1758 1109.7073 1138.356 1165.2385 1190.4993 1214.2635 1236.6119 1257.5715 1277.1151 1295.1691 1311.6275 1326.3717 1339.2944 1350.326 1359.4571 1366.7548 1372.3684 1376.5225 1379.5016 1381.6285 1383.2429 1384.6839 1386.2784 1388.3348 1391.1435 1394.9797 1400.1101 1406.8013 1415.3294 1425.9907 1439.1071 1455.0165 1474.025 1496.2732 1521.449 1548.2888 1573.9781 1594.0092 1603.4641 1599.8204 1585.0245 1564.3892 1543.4977 1526.1426 1514.1657 1508.1873 1508.3174 1514.576 1527.0573
821.91093 813.88714 806.79476 807.33936 819.9707 845.14967 880.02374 920.45037 962.71214 1004.2484 1043.6439 1080.3192 1114.2015 1145.4754 1174.4228 1201.329 1226.4316 1249.8958 1271.8047 1292.1591 1310.8862 1327.8555 1342.9046 1355.8725 1366.6384 1375.1586 1381.4931 1385.8166 1388.409 1389.6305 1389.8885 1389.6048 1389.1901 1389.0284 1389.4714 1390.8396 1393.4278 1397.5141 1403.37 1411.2729 1421.5209 1434.4456 1450.4158 1469.8059 1492.8798 1519.496 1548.5249 1577.0203 1599.7709 1610.6417 1606.2365 1588.8598 1565.0271 1541.2686 1521.6313 1507.7648 1499.9651 1498.0283 1501.6919 1510.7812
807.68091 784.56702 765.23998 759.15821 772.03521 803.15812 847.03175 897.02475 947.91455 996.56657 1041.5501 1082.5088 1119.6507 1153.4209 1184.3173 1212.7952 1239.2211 1263.8528 1286.8312 1308.1808 1327.8171 1345.5639 1361.184 1374.4252 1385.0771 1393.0304 1398.3228 1401.1582 1401.8931 1400.9957 1398.9924 1396.4162 1393.7701 1391.5077 1390.0281 1389.6807 1390.7748 1393.5896 1398.3856 1405.4169 1414.9454 1427.2575 1442.6742 1461.5352 1484.1068 1510.3151 1539.1687 1567.8527 1591.088 1602.3567 1597.8844 1580.0686 1555.8194 1531.8469 1512.0577 1497.8401 1489.2499 1485.8871 1487.3104 1493.1579
