Data/yield_sc.tif
NCOLS 166
NROWS 297
XLLCORNER 97.345192
YLLCORNER 5.6160421
DX 0.04996348
DY 0.049990468
NODATA_VALUE -9999
[rows 182 to 207 of 297, columns 0 to 59 of 166]
689.09665 689.01259 688.92984 688.84851 688.76871 688.69055 688.61413 688.53958 688.46701 688.39654 688.3283 688.26241 688.19901 688.13823 688.0802 688.02506 687.97294 687.92398 687.87833 687.83613 687.79751 687.76261 687.73158 687.70456 687.68168 687.66307 687.64887 687.63921 687.63421 687.634 687.63868 687.64838 687.66319 687.68321 687.70853 687.73925 687.77542 687.81712 687.86441 687.91733 687.97593 688.04023 688.11025 688.18599 688.26747 688.35465 688.44753 688.54606 688.6502 688.75989 688.87507 688.99566 689.12159 689.25274 689.38903 689.53033 689.67653 689.8275 689.9831 690.14321
689.25919 689.17834 689.09884 689.02078 688.94427 688.86941 688.79631 688.72508 688.65584 688.58869 688.52377 688.4612 688.40109 688.34358 688.28878 688.23685 688.18789 688.14206 688.09947 688.06026 688.02457 687.99253 687.96427 687.93993 687.91962 687.90349 687.89164 687.88421 687.88131 687.88305 687.88955 687.9009 687.91721 687.93856 687.96504 687.99673 688.03369 688.07599 688.12368 688.1768 688.2354 688.29949 688.3691 688.44422 688.52486 688.611 688.70262 688.79969 688.90216 689.00998 689.12309 689.24141 689.36487 689.49338 689.62683 689.76512 689.90814 690.05577 690.20788 690.36434
689.42003 689.3423 689.26593 689.19103 689.11769 689.04602 688.97611 688.90807 688.84203 688.77808 688.71634 688.65694 688.59998 688.54559 688.4939 688.44502 688.39908 688.35622 688.31654 688.28019 688.24728 688.21795 688.19232 688.1705 688.15263 688.13883 688.1292 688.12386 688.12293 688.12651 688.1347 688.1476 688.1653 688.18788 688.21542 688.248 688.28567 688.32851 688.37654 688.42982 688.48838 688.55224 688.62141 688.69591 688.77572 688.86083 688.95122 689.04686 689.14771 689.25371 689.36481 689.48094 689.60202 689.72796 689.85868 689.99408 690.13404 690.27845 690.4272 690.58015
689.57917 689.50445 689.43112 689.35926 689.28898 689.22037 689.15353 689.08858 689.0256 688.96472 688.90603 688.84967 688.79573 688.74433 688.6956 688.64964 688.60658 688.56655 688.52965 688.496 688.46574 688.43898 688.41583 688.39641 688.38084 688.36923 688.3617 688.35833 688.35925 688.36455 688.37433 688.38867 688.40765 688.43137 688.45989 688.49328 688.5316 688.57491 688.62323 688.67662 688.73511 688.79871 688.86744 688.94129 689.02028 689.10437 689.19356 689.28781 689.38707 689.49131 689.60046 689.71447 689.83325 689.95673 690.08481 690.21741 690.35443 690.49574 690.64125 690.79083
689.7366 689.6648 689.59439 689.52547 689.45814 689.39248 689.32861 689.2666 689.20658 689.14864 689.09289 689.03943 688.98838 688.93984 688.89394 688.85077 688.81046 688.77312 688.73886 688.7078 688.68005 688.65572 688.63492 688.61778 688.60438 688.59485 688.58928 688.58777 688.59043 688.59734 688.6086 688.62428 688.64447 688.66924 688.69866 688.73279 688.77169 688.8154 688.86398 688.91744 688.97582 689.03914 689.1074 689.18062 689.25878 689.34188 689.42988 689.52277 689.6205 689.72302 689.83028 689.94223 690.05879 690.17988 690.30543 690.43533 690.5695 690.70783 690.85022 690.99655
689.89232 689.82333 689.75575 689.68967 689.62517 689.56237 689.50134 689.44218 689.38499 689.32988 689.27693 689.22627 689.17798 689.13219 689.08898 689.04848 689.01079 688.97602 688.94427 688.91566 688.8903 688.86828 688.84972 688.83472 688.82338 688.81581 688.81209 688.81234 688.81662 688.82504 688.83768 688.85461 688.87592 688.90166 688.93191 688.96672 689.00613 689.05021 689.09898 689.15248 689.21073 689.27374 689.34154 689.41411 689.49145 689.57356 689.66041 689.75196 689.84819 689.94905 690.05448 690.16444 690.27884 690.39763 690.52072 690.64802 690.77945 690.9149 691.05428 691.19748
690.04632 689.98005 689.91519 689.85185 689.7901 689.73003 689.67174 689.61532 689.56086 689.50846 689.45821 689.41022 689.36459 689.32141 689.28079 689.24283 689.20764 689.17532 689.14597 689.11969 689.09659 689.07677 689.06032 689.04736 689.03797 689.03224 689.03028 689.03216 689.03798 689.04781 689.06174 689.07984 689.10218 689.12882 689.15983 689.19525 689.23513 689.27952 689.32845 689.38194 689.44003 689.50273 689.57004 689.64197 689.7185 689.79964 689.88534 689.9756 690.07037 690.1696 690.27326 690.38128 690.49361 690.61017 690.73088 690.85567 690.98445 691.11713 691.2536 691.39378
690.1986 690.13496 690.07274 690.01203 689.95293 689.8955 689.83985 689.78606 689.73422 689.68442 689.63676 689.59134 689.54824 689.50757 689.46942 689.43389 689.40109 689.3711 689.34403 689.31997 689.29902 689.28128 689.26685 689.2558 689.24825 689.24427 689.24396 689.24739 689.25464 689.2658 689.28094 689.30013 689.32343 689.3509 689.3826 689.41857 689.45887 689.50352 689.55257 689.60604 689.66394 689.7263 689.79312 689.8644 689.94013 690.02031 690.1049 690.19388 690.28722 690.38489 690.48682 690.59297 690.70327 690.81767 690.93609 691.05846 691.18468 691.31467 691.44835 691.58561
690.34917 690.28806 690.22838 690.17022 690.11366 690.05879 690.00567 689.95441 689.90509 689.85779 689.81262 689.76965 689.72898 689.69071 689.65493 689.62172 689.59119 689.56343 689.53853 689.51658 689.49768 689.48192 689.46939 689.46017 689.45435 689.45202 689.45326 689.45815 689.46676 689.47916 689.49543 689.51563 689.53981 689.56805 689.60038 689.63685 689.67751 689.7224 689.77153 689.82494 689.88264 689.94465 690.01097 690.0816 690.15653 690.23576 690.31926 690.407 690.49895 690.59508 690.69533 690.79967 690.90802 691.02033 691.13653 691.25654 691.38029 691.5077 691.63867 691.77311
690.49801 690.43935 690.38213 690.32643 690.27233 690.2199 690.16924 690.12041 690.07351 690.02861 689.98582 689.94521 689.90687 689.87089 689.83737 689.80638 689.77802 689.75238 689.72955 689.70962 689.69266 689.67878 689.66805 689.66056 689.65639 689.65562 689.65832 689.66458 689.67445 689.68802 689.70534 689.72648 689.75149 689.78043 689.81334 689.85027 689.89125 689.93632 689.9855 690.03883 690.0963 690.15795 690.22376 690.29374 690.36789 690.44618 690.5286 690.61513 690.70573 690.80036 690.89899 691.00156 691.10801 691.2183 691.33235 691.45009 691.57145 691.69635 691.82471 691.95643
690.64514 690.58885 690.53401 690.48068 690.42894 690.37888 690.33056 690.28408 690.2395 690.19692 690.15641 690.11806 690.08195 690.04817 690.0168 689.98794 689.96165 689.93804 689.91718 689.89915 689.88405 689.87195 689.86293 689.85708 689.85446 689.85516 689.85925 689.86679 689.87786 689.89252 689.91082 689.93284 689.95861 689.9882 690.02163 690.05896 690.10022 690.14545 690.19465 690.24787 690.30511 690.36637 690.43168 690.50101 690.57437 690.65175 690.73311 690.81845 690.90773 691.0009 691.09795 691.1988 691.30342 691.41174 691.52371 691.63925 691.7583 691.88078 692.00661 692.13571
690.79057 690.73657 690.68401 690.63297 690.58352 690.53573 690.48968 690.44544 690.4031 690.36274 690.32442 690.28824 690.25427 690.22259 690.19329 690.16645 690.14215 690.12046 690.10148 690.08528 690.07193 690.06153 690.05413 690.04983 690.04868 690.05077 690.05616 690.06492 690.07711 690.09278 690.11201 690.13484 690.16131 690.19149 690.22541 690.2631 690.3046 690.34994 690.39915 690.45223 690.50921 690.57009 690.63488 690.70357 690.77615 690.85262 690.93295 691.01712 691.10511 691.19687 691.29237 691.39156 691.49439 691.60081 691.71076 691.82418 691.94099 692.06113 692.18451 692.31107
690.93429 690.8825 690.83216 690.78333 690.73607 690.69048 690.64661 690.60454 690.56435 690.52611 690.4899 690.45579 690.42387 690.39421 690.36689 690.34198 690.31957 690.29973 690.28253 690.26806 690.25639 690.24759 690.24174 690.2389 690.23915 690.24255 690.24917 690.25907 690.27231 690.28894 690.30902 690.3326 690.35973 690.39045 690.4248 690.46282 690.50453 690.54996 690.59913 690.65206 690.70877 690.76925 690.83352 690.90157 690.97338 691.04896 691.12828 691.21131 691.29803 691.38841 691.48241 691.57998 691.68108 691.78566 691.89365 692.005 692.11965 692.23752 692.35854 692.48263
691.07633 691.02667 690.97846 690.93176 690.88663 690.84314 690.80137 690.76139 690.72326 690.68707 690.65288 690.62077 690.59081 690.56308 690.53764 690.51459 690.49398 690.4759 690.46041 690.44759 690.43751 690.43024 690.42585 690.4244 690.42597 690.43061 690.43838 690.44936 690.46358 690.48111 690.50199 690.52627 690.554 690.58522 690.61996 690.65826 690.70014 690.74563 690.79475 690.84751 690.90393 690.96401 691.02776 691.09516 691.16622 691.24092 691.31924 691.40115 691.48665 691.57568 691.66821 691.76421 691.86363 691.96641 692.07251 692.18186 692.29441 692.41008 692.52881 692.65052
691.21668 691.16909 691.12294 691.07829 691.0352 690.99375 690.95401 690.91603 690.87989 690.84566 690.81341 690.78321 690.75513 690.72924 690.70562 690.68433 690.66545 690.64904 690.63518 690.62393 690.61537 690.60955 690.60654 690.60641 690.60923 690.61504 690.62391 690.63589 690.65103 690.6694 690.69102 690.71596 690.74424 690.77591 690.81101 690.84955 690.89158 690.9371 690.98614 691.03872 691.09484 691.15451 691.21773 691.2845 691.35481 691.42864 691.50598 691.5868 691.67109 691.75881 691.84992 691.94439 692.04217 692.14321 692.24747 692.35488 692.46539 692.57893 692.69545 692.81486
691.35536 691.30976 691.2656 691.22293 691.18182 691.14233 691.10453 691.06848 691.03425 691.00191 690.97152 690.94315 690.91688 690.89276 690.87087 690.85127 690.83403 690.81923 690.80691 690.79716 690.79004 690.7856 690.78391 690.78503 690.78902 690.79594 690.80583 690.81877 690.83478 690.85392 690.87625 690.90178 690.93058 690.96266 690.99807 691.03683 691.07897 691.1245 691.17345 691.22583 691.28164 691.34089 691.40359 691.46972 691.53928 691.61226 691.68864 691.76839 691.85151 691.93794 692.02767 692.12064 692.21683 692.31619 692.41865 692.52418 692.63272 692.7442 692.85856 692.97574
691.49237 691.44871 691.40647 691.36571 691.3265 691.2889 691.25297 691.21878 691.18638 691.15585 691.12725 691.10065 691.0761 691.05367 691.03344 691.01546 690.9998 690.98652 690.97568 690.96735 690.9616 690.95847 690.95803 690.96033 690.96544 690.9734 690.98427 690.99809 691.01492 691.0348 691.05776 691.08386 691.11312 691.14558 691.18127 691.22021 691.26244 691.30796 691.35679 691.40895 691.46445 691.52328 691.58545 691.65095 691.71977 691.79191 691.86735 691.94606 692.02802 692.1132 692.20158 692.2931 692.38774 692.48545 692.58619 692.68989 692.79651 692.90599 693.01827 693.13328
691.62775 691.58594 691.54555 691.50664 691.46927 691.43349 691.39936 691.36695 691.33633 691.30754 691.28065 691.25573 691.23284 691.21204 691.19339 691.17695 691.16279 691.15097 691.14155 691.13458 691.13012 691.12824 691.12898 691.13241 691.13857 691.14752 691.1593 691.17396 691.19155 691.21211 691.23568 691.26229 691.29198 691.32478 691.36072 691.39982 691.44211 691.48759 691.5363 691.58823 691.6434 691.7018 691.76344 691.82832 691.89642 691.96773 692.04223 692.11992 692.20075 692.28472 692.37177 692.46188 692.55502 692.65113 692.75018 692.85211 692.95687 693.06441 693.17466 693.28758
691.76148 691.72148 691.68288 691.64575 691.61014 691.57611 691.54373 691.51304 691.48411 691.45699 691.43175 691.40845 691.38715 691.3679 691.35077 691.33581 691.32309 691.31266 691.30457 691.2989 691.29568 691.29498 691.29685 691.30134 691.3085 691.31838 691.33102 691.34647 691.36478 691.38597 691.4101 691.43718 691.46727 691.50037 691.53653 691.57576 691.61809 691.66352 691.71208 691.76377 691.81861 691.87658 691.93769 692.00195 692.06933 692.13982 692.21342 692.2901 692.36983 692.4526 692.53837 692.62711 692.71877 692.81333 692.91074 693.01094 693.1139 693.21955 693.32785 693.43873
691.8936 691.85533 691.81846 691.78305 691.74914 691.71681 691.68609 691.65706 691.62976 691.60425 691.5806 691.55885 691.53907 691.52131 691.50563 691.49208 691.48073 691.47163 691.46483 691.46038 691.45835 691.45877 691.46171 691.4672 691.47531 691.48607 691.49952 691.51571 691.53469 691.55648 691.58112 691.60864 691.63908 691.67247 691.70881 691.74815 691.79049 691.83586 691.88426 691.9357 691.99019 692.04773 692.10832 692.17195 692.23862 692.30831 692.38101 692.45671 692.53537 692.61697 692.70148 692.78888 692.87912 692.97216 693.06798 693.16651 693.26771 693.37153 693.47792 693.58683
692.02411 691.98752 691.95232 691.91856 691.8863 691.85559 691.82649 691.79905 691.77332 691.74936 691.72722 691.70696 691.68864 691.67231 691.65802 691.64583 691.63579 691.62795 691.62237 691.6191 691.61818 691.61968 691.62363 691.63008 691.63907 691.65066 691.66488 691.68177 691.70137 691.72371 691.74883 691.77676 691.80753 691.84115 691.87767 691.91709 691.95943 692.0047 692.05293 692.10411 692.15825 692.21536 692.27542 692.33844 692.40441 692.47331 692.54513 692.61986 692.69747 692.77793 692.86122 692.9473 693.03615 693.12773 693.22199 693.31889 693.41839 693.52043 693.62498 693.73196
692.15302 692.11805 692.08447 692.05231 692.02164 691.9925 691.96494 691.93903 691.91481 691.89234 691.87166 691.85283 691.83591 691.82094 691.80799 691.79709 691.7883 691.78167 691.77726 691.7751 691.77526 691.77777 691.78268 691.79003 691.79987 691.81224 691.82718 691.84472 691.86491 691.88777 691.91333 691.94163 691.97269 692.00654 692.04319 692.08267 692.12499 692.17017 692.21821 692.26912 692.32291 692.37957 692.43911 692.50153 692.5668 692.63492 692.70588 692.77966 692.85624 692.93558 693.01768 693.10249 693.18998 693.28013 693.37288 693.46819 693.56603 693.66635 693.7691 693.87422
692.28037 692.24696 692.21493 692.18432 692.15517 692.12754 692.10149 692.07705 692.05428 692.03323 692.01396 691.9965 691.98092 691.96727 691.95558 691.94592 691.93833 691.93286 691.92956 691.92847 691.92964 691.93311 691.93893 691.94714 691.95778 691.97089 691.9865 692.00466 692.02539 692.04873 692.07471 692.10335 692.13467 692.16871 692.20548 692.245 692.28728 692.33234 692.38019 692.43082 692.48425 692.54048 692.5995 692.66131 692.7259 692.79325 692.86336 692.93621 693.01178 693.09004 693.17096 693.25453 693.3407 693.42945 693.52073 693.61451 693.71074 693.80937 693.91037 694.01369
692.40615 692.37426 692.34373 692.3146 692.28693 692.26076 692.23615 692.21313 692.19175 692.17208 692.15415 692.13801 692.12372 692.11132 692.10085 692.09237 692.08593 692.08156 692.07932 692.07924 692.08138 692.08577 692.09245 692.10147 692.11287 692.12668 692.14293 692.16166 692.1829 692.20669 692.23304 692.26199 692.29356 692.32776 692.36463 692.40417 692.4464 692.49133 692.53897 692.58932 692.64239 692.69817 692.75667 692.81788 692.88179 692.9484 693.01767 693.08961 693.16419 693.24138 693.32117 693.40352 693.4884 693.57579 693.66564 693.75791 693.85258 693.94958 694.04889 694.15044
692.53039 692.49996 692.47088 692.44319 692.41694 692.39218 692.36895 692.34729 692.32726 692.30891 692.29227 692.2774 692.26434 692.25314 692.24384 692.2365 692.23114 692.22783 692.2266 692.22749 692.23054 692.2358 692.24331 692.2531 692.26521 692.27967 692.29652 692.31579 692.33751 692.36171 692.38842 692.41765 692.44943 692.48378 692.52072 692.56027 692.60243 692.64722 692.69464 692.7447 692.7974 692.85275 692.91073 692.97135 693.03459 693.10045 693.16891 693.23995 693.31356 693.38971 693.46838 693.54955 693.63318 693.71923 693.80769 693.89851 693.99164 694.08706 694.18471 694.28455
692.6531 692.62408 692.5964 692.5701 692.54523 692.52182 692.49992 692.47958 692.46084 692.44375 692.42836 692.4147 692.40283 692.39278 692.3846 692.37834 692.37403 692.37172 692.37145 692.37326 692.37719 692.38328 692.39157 692.40208 692.41487 692.42995 692.44736 692.46714 692.4893 692.51389 692.54091 692.5704 692.60237 692.63685 692.67385 692.71338 692.75546 692.80009 692.84729 692.89705 692.94939 693.00429 693.06176 693.12179 693.18438 693.2495 693.31715 693.38732 693.45998 693.53511 693.6127 693.6927 693.7751 693.85987 693.94697 694.03636 694.12801 694.22188 694.31793 694.41611
