Data/yield_mp.tif
NCOLS 166
NROWS 297
XLLCORNER 97.345192
YLLCORNER 5.6160421
DX 0.04996348
DY 0.049990468
NODATA_VALUE -9999
[rows 78 to 103 of 297, columns 60 to 119 of 166]
1270.1392 1271.9042 1273.883 1276.1369 1278.751 1281.8093 1285.3558 1289.3392 1293.5592 1297.7058 1301.6128 1305.4937 1309.7482 1314.5928 1319.8693 1324.9336 1328.6651 1330.023 1328.963 1326.3595 1323.1102 1319.7671 1316.6161 1313.7707 1311.2234 1308.8604 1306.3717 1302.6677 1293.7695 1301.356 1304.3887 1306.1041 1307.7001 1309.4528 1311.3121 1312.9335 1313.7535 1313.3653 1311.899 1309.861 1307.7135 1305.7063 1303.9272 1302.3823 1301.0468 1299.888 1298.8743 1297.9783 1297.1768 1296.4508 1295.7846 1295.1654 1294.5826 1294.0275 1293.4927 1292.9721 1292.4607 1291.9541 1291.4488 1290.9418
1268.6925 1270.9848 1273.4922 1276.2913 1279.4842 1283.1946 1287.5449 1292.5707 1297.9949 1302.9898 1306.8546 1310.2612 1314.4374 1319.9853 1326.8673 1334.2799 1340.0012 1341.0646 1337.471 1332.0655 1326.7974 1322.2297 1318.3819 1315.1477 1312.3992 1309.9909 1307.7321 1305.4226 1303.7529 1304.5238 1306.1801 1307.9409 1310.0491 1312.7324 1315.9934 1319.2683 1321.1329 1320.3213 1317.3887 1313.822 1310.5145 1307.7157 1305.4058 1303.4981 1301.9059 1300.5583 1299.4003 1298.3899 1297.4949 1296.6902 1295.9564 1295.2778 1294.6419 1294.0386 1293.4595 1292.8976 1292.3473 1291.8038 1291.2629 1290.7213
1266.6946 1269.528 1272.5453 1275.8544 1279.5894 1283.9518 1289.2487 1295.8857 1303.9809 1311.4525 1314.2883 1315.3455 1318.6055 1324.7667 1333.8765 1345.7175 1357.1276 1358.0703 1348.521 1338.3973 1330.4845 1324.512 1319.9246 1316.3144 1313.4111 1311.0331 1309.0682 1307.533 1306.7109 1306.9152 1307.9921 1309.7772 1312.4339 1316.3628 1322.0477 1329.2422 1334.2938 1331.8157 1324.8649 1318.3423 1313.3373 1309.5836 1306.7114 1304.4511 1302.6232 1301.1083 1299.8251 1298.7165 1297.7415 1296.8693 1296.077 1295.3466 1294.6639 1294.0176 1293.3985 1292.7989 1292.2126 1291.6344 1291.0598 1290.4851
1264.158 1267.5134 1271.0187 1274.7987 1278.9937 1283.88 1290.0145 1298.5889 1312.4743 1333.5789 1327.9656 1320.1531 1321.3382 1327.7177 1338.6996 1355.7908 1381.6677 1382.8222 1358.5197 1342.9892 1332.9205 1325.9607 1320.8956 1317.069 1314.1088 1311.8016 1310.0418 1308.8266 1308.2493 1308.4194 1309.3938 1311.2853 1314.4457 1319.6897 1328.8098 1345.4033 1365.5443 1352.9231 1333.8948 1322.598 1315.6718 1311.0302 1307.6897 1305.153 1303.1459 1301.5052 1300.1274 1298.9438 1297.9064 1296.9807 1296.141 1295.3676 1294.6452 1293.9618 1293.3074 1292.6741 1292.0551 1291.4448 1290.8385 1290.2323
1261.0944 1264.8777 1268.8787 1273.1167 1277.6442 1282.7469 1289.098 1298.3089 1315.6437 1376.2363 1337.7114 1321.1675 1321.4306 1327.7021 1338.616 1355.2541 1378.5371 1379.6253 1358.0373 1343.0005 1333.0237 1326.0806 1321.0371 1317.2588 1314.3808 1312.1942 1310.5927 1309.5481 1309.0922 1309.2938 1310.2594 1312.1982 1315.5732 1321.4525 1332.6561 1359.3786 1487.0628 1376.1318 1339.2688 1324.7289 1316.8101 1311.7524 1308.1961 1305.5287 1303.4319 1301.7237 1300.2914 1299.0613 1297.9826 1297.0192 1296.1444 1295.3377 1294.5836 1293.8693 1293.1849 1292.522 1291.8737 1291.2341 1290.5985 1289.9625
1257.3042 1261.3549 1266.087 1270.8898 1275.612 1280.513 1286.1465 1293.5901 1304.5862 1317.3272 1318.2011 1315.9764 1318.4754 1324.6613 1333.7872 1345.2042 1355.6 1356.5887 1348.1494 1338.5466 1330.7512 1324.8077 1320.2916 1316.8358 1314.1865 1312.184 1310.7399 1309.822 1309.4434 1309.6584 1310.5741 1312.3964 1315.5323 1320.8185 1330.0645 1346.8841 1367.2097 1354.348 1334.9806 1323.45 1316.363 1311.6014 1308.164 1305.5443 1303.4627 1301.753 1300.3103 1299.0644 1297.9669 1296.9826 1296.0856 1295.2559 1294.478 1293.7394 1293.0303 1292.3421 1291.668 1291.0021 1290.3394 1289.6756
1251.843 1255.8952 1262.7939 1268.4037 1273.1634 1277.4621 1281.5967 1286.0643 1291.7593 1298.5734 1304.1487 1308.5215 1313.4819 1319.6609 1326.9 1334.3367 1339.8849 1340.9673 1337.59 1332.2874 1327.0198 1322.4936 1318.8037 1315.8616 1313.5548 1311.7943 1310.5245 1309.723 1309.3991 1309.5947 1310.3938 1311.945 1314.4994 1318.4506 1324.2584 1331.6206 1336.729 1334.0469 1326.7566 1319.9184 1314.6561 1310.6919 1307.6407 1305.222 1303.2494 1301.5994 1300.1877 1298.9555 1297.8607 1296.8719 1295.9652 1295.1223 1294.3286 1293.5723 1292.8436 1292.1345 1291.4383 1290.749 1290.0616 1289.3718
1246.2507 1250.3474 1260.1996 1266.1836 1270.7146 1274.1316 1276.2069 1276.4382 1276.4023 1282.8624 1292.9323 1301.1066 1307.7943 1313.9904 1319.9569 1325.2668 1328.9682 1330.1707 1328.9038 1326.1095 1322.8094 1319.6252 1316.8204 1314.4676 1312.5623 1311.0799 1309.9994 1309.3135 1309.0317 1309.184 1309.8237 1311.0321 1312.9143 1315.5584 1318.8773 1322.221 1324.0628 1323.0748 1319.8563 1315.9768 1312.3748 1309.3099 1306.7589 1304.6293 1302.8294 1301.2844 1299.937 1298.7432 1297.6698 1296.6909 1295.7861 1294.9392 1294.1372 1293.3691 1292.626 1291.9002 1291.1852 1290.4753 1289.7656 1289.0517
1246.1042 1252.6008 1259.1585 1264.5797 1268.6701 1271.2326 1271.2678 1265.2031 1242.0353 1258.8755 1282.8768 1294.6999 1302.4641 1308.5868 1313.7711 1317.9976 1320.9222 1322.2419 1322.0095 1320.6495 1318.7011 1316.5927 1314.5835 1312.803 1311.3058 1310.111 1309.2251 1308.6541 1308.4094 1308.5101 1308.9835 1309.8596 1311.1547 1312.8284 1314.6965 1316.3274 1317.0889 1316.5401 1314.8262 1312.4952 1310.0433 1307.738 1305.6725 1303.8531 1302.2536 1300.8397 1299.5784 1298.4409 1297.4035 1296.4463 1295.553 1294.7101 1293.9062 1293.1319 1292.379 1291.6404 1290.91 1290.1823 1289.4526 1288.7166
1243.7488 1252.1916 1258.5205 1263.5372 1267.2789 1269.4361 1268.9035 1261.834 1234.0677 1253.0774 1278.5464 1290.5464 1298.2097 1303.9655 1308.5706 1312.1845 1314.7362 1316.1491 1316.4885 1315.9825 1314.9363 1313.6311 1312.2745 1310.9986 1309.8798 1308.96 1308.263 1307.8041 1307.5961 1307.6508 1307.9777 1308.5772 1309.4266 1310.4538 1311.5035 1312.3237 1312.6239 1312.2195 1311.1488 1309.6274 1307.9046 1306.1639 1304.5066 1302.9741 1301.5746 1300.2998 1299.1352 1298.0648 1297.0731 1296.1463 1295.272 1294.4395 1293.6395 1292.8637 1292.1051 1291.3572 1290.6144 1289.8716 1289.1241 1288.3677
1243.0163 1251.9214 1258.2014 1262.9941 1266.5812 1268.8511 1269.3362 1267.347 1264.6938 1269.9756 1280.2541 1288.758 1295.2085 1300.2753 1304.336 1307.5225 1309.8488 1311.3184 1311.9951 1312.0193 1311.5772 1310.8552 1310.009 1309.1528 1308.3641 1307.6928 1307.1707 1306.8185 1306.6496 1306.6712 1306.8837 1307.2745 1307.81 1308.4227 1309.0024 1309.4019 1309.4731 1309.1253 1308.3663 1307.2897 1306.0232 1304.6811 1303.3429 1302.0546 1300.8374 1299.6969 1298.6306 1297.6315 1296.6909 1295.8 1294.9501 1294.1329 1293.3411 1292.5679 1291.8071 1291.053 1290.3006 1289.5449 1288.7817 1288.0067
1244.9797 1252.6532 1258.4166 1262.923 1266.4336 1269.0011 1270.6211 1271.5611 1273.0347 1276.759 1282.3457 1288.077 1293.1334 1297.401 1300.9314 1303.7642 1305.9147 1307.403 1308.2817 1308.6441 1308.6107 1308.3083 1307.8512 1307.332 1306.8199 1306.3641 1305.9985 1305.7453 1305.6179 1305.6219 1305.7536 1305.9974 1306.3214 1306.6723 1306.9753 1307.142 1307.0902 1306.7697 1306.1792 1305.3623 1304.3868 1303.3225 1302.2258 1301.1359 1300.076 1299.0578 1298.0851 1297.1567 1296.2691 1295.4169 1294.5946 1293.7961 1293.0159 1292.2483 1291.4883 1290.7307 1289.971 1289.2047 1288.4277 1287.6358
1248.1177 1254.1211 1259.0991 1263.2206 1266.6227 1269.3994 1271.6777 1273.7499 1276.1539 1279.383 1283.3644 1287.5753 1291.5672 1295.1269 1298.1806 1300.7059 1302.6995 1304.1755 1305.172 1305.7523 1305.9976 1305.9962 1305.8319 1305.5774 1305.2909 1305.0168 1304.7872 1304.6239 1304.5399 1304.5402 1304.6205 1304.7669 1304.9532 1305.1402 1305.2779 1305.3112 1305.1915 1304.8887 1304.3988 1303.7433 1302.9597 1302.0906 1301.1747 1300.2421 1299.3139 1298.4028 1297.5155 1296.6543 1295.8185 1295.0058 1294.2126 1293.435 1292.6686 1291.9091 1291.152 1290.3932 1289.6283 1288.8533 1288.0643 1287.2571
1251.1018 1255.8023 1260.0227 1263.7299 1266.9648 1269.7996 1272.3505 1274.8066 1277.4126 1280.3504 1283.6029 1286.9769 1290.2492 1293.2599 1295.9192 1298.1826 1300.0335 1301.4768 1302.5371 1303.2572 1303.6933 1303.9075 1303.9617 1303.9122 1303.8064 1303.6824 1303.5687 1303.4856 1303.4454 1303.4529 1303.5051 1303.591 1303.6909 1303.7771 1303.8161 1303.7727 1303.6165 1303.3286 1302.9049 1302.3561 1301.7038 1300.9746 1300.1945 1299.3859 1298.566 1297.7466 1296.9352 1296.1356 1295.349 1294.5747 1293.811 1293.0551 1292.304 1291.5542 1290.8019 1290.0436 1289.2754 1288.4935 1287.6941 1286.8732
1253.5242 1257.3613 1260.9774 1264.3017 1267.3329 1270.1124 1272.717 1275.255 1277.8435 1280.5598 1283.3969 1286.2695 1289.0613 1291.6687 1294.0184 1296.066 1297.7908 1299.1907 1300.2805 1301.0891 1301.6552 1302.0237 1302.2402 1302.3479 1302.385 1302.383 1302.3668 1302.3542 1302.3566 1302.379 1302.42 1302.4718 1302.5204 1302.5466 1302.528 1302.4418 1302.2684 1301.9952 1301.619 1301.1451 1300.5865 1299.9599 1299.2831 1298.5723 1297.8409 1297.0991 1296.3539 1295.6096 1294.8684 1294.1307 1293.3958 1292.6618 1291.9267 1291.1876 1290.4415 1289.6851 1288.9151 1288.1279 1287.3196 1286.4867
1255.3817 1258.6646 1261.8303 1264.8271 1267.6456 1270.3078 1272.8578 1275.3539 1277.8523 1280.3861 1282.9486 1285.4944 1287.9578 1290.2728 1292.3859 1294.2607 1295.8772 1297.2306 1298.3291 1299.1919 1299.8462 1300.3245 1300.6608 1300.8884 1301.0373 1301.1337 1301.1982 1301.2467 1301.2894 1301.3315 1301.373 1301.4088 1301.4296 1301.4225 1301.3725 1301.2645 1301.0858 1300.8281 1300.4886 1300.0704 1299.5813 1299.0322 1298.4351 1297.802 1297.143 1296.4664 1295.7785 1295.0833 1294.3834 1293.6798 1292.9722 1292.2598 1291.5408 1290.8132 1290.0742 1289.321 1288.5505 1287.7593 1286.9438 1286.1002
1256.7675 1259.6853 1262.5143 1265.2361 1267.8502 1270.3703 1272.8205 1275.2288 1277.6193 1280.0024 1282.3686 1284.6887 1286.9217 1289.0242 1290.9587 1292.6973 1294.2234 1295.5317 1296.6266 1297.5209 1298.2343 1298.7903 1299.2146 1299.5328 1299.7688 1299.9435 1300.0746 1300.1754 1300.2552 1300.3193 1300.3687 1300.4007 1300.4093 1300.3862 1300.3214 1300.2051 1300.0288 1299.7872 1299.478 1299.1032 1298.6676 1298.1785 1297.6444 1297.0736 1296.4741 1295.8525 1295.2138 1294.5619 1293.8992 1293.2268 1292.5451 1291.8533 1291.1504 1290.4344 1289.7032 1288.9541 1288.1843 1287.3905 1286.5691 1285.7165
1257.7845 1260.4382 1262.9982 1265.4825 1267.906 1270.2822 1272.6229 1274.9368 1277.2278 1279.4919 1281.7157 1283.8764 1285.9455 1287.8934 1289.6937 1291.3262 1292.7783 1294.0452 1295.1297 1296.0409 1296.7929 1297.4034 1297.8918 1298.278 1298.581 1298.8179 1299.0031 1299.1482 1299.2615 1299.348 1299.4097 1299.4456 1299.4522 1299.4243 1299.3554 1299.2392 1299.0703 1298.8451 1298.5621 1298.2225 1297.8296 1297.3884 1296.9047 1296.3849 1295.8347 1295.2594 1294.6631 1294.0492 1293.4197 1292.7759 1292.1181 1291.4461 1290.7587 1290.0546 1289.3316 1288.5875 1287.8194 1287.0242 1286.1984 1285.3383
1258.5255 1260.9449 1263.2598 1265.5239 1267.7701 1270.0146 1272.2593 1274.4968 1276.7139 1278.8946 1281.0206 1283.0712 1285.025 1286.8612 1288.5616 1290.1122 1291.5043 1292.7347 1293.8055 1294.7237 1295.5 1296.1479 1296.6824 1297.1193 1297.4735 1297.7591 1297.9881 1298.1703 1298.3131 1298.4213 1298.4976 1298.5419 1298.5528 1298.527 1298.4608 1298.3501 1298.1915 1297.9828 1297.723 1297.4131 1297.0553 1296.6531 1296.2108 1295.733 1295.2241 1294.6882 1294.1286 1293.5479 1292.9481 1292.3302 1291.6947 1291.0412 1290.369 1289.6766 1288.9623 1288.2237 1287.4583 1286.663 1285.8343 1284.9684
1259.0596 1261.2113 1263.2619 1265.3004 1267.3798 1269.5179 1271.7023 1273.9037 1276.089 1278.2288 1280.2994 1282.2813 1284.158 1285.9156 1287.5426 1289.0305 1290.3744 1291.5729 1292.6286 1293.5473 1294.3377 1295.0104 1295.5774 1296.0513 1296.4442 1296.7676 1297.0315 1297.2444 1297.4127 1297.5412 1297.6326 1297.6879 1297.7066 1297.6874 1297.6279 1297.5259 1297.3793 1297.1868 1296.948 1296.6636 1296.3353 1295.9657 1295.558 1295.1155 1294.6415 1294.1393 1293.6114 1293.0601 1292.4868 1291.8925 1291.2775 1290.6415 1289.9838 1289.3031 1288.5977 1287.8654 1287.1036 1286.3093 1285.4791 1284.6092
1259.4131 1261.2054 1262.9261 1264.7066 1266.629 1268.7082 1270.9004 1273.1363 1275.3526 1277.5042 1279.5634 1281.5138 1283.345 1285.0501 1286.6242 1288.0642 1289.369 1290.5396 1291.5795 1292.4942 1293.2912 1293.9794 1294.5685 1295.0688 1295.4904 1295.8426 1296.134 1296.3718 1296.5618 1296.7085 1296.8146 1296.8817 1296.9103 1296.8999 1296.8494 1296.7578 1296.624 1296.4472 1296.2275 1295.9655 1295.6627 1295.3208 1294.9423 1294.5298 1294.0858 1293.6127 1293.1126 1292.5872 1292.0377 1291.4648 1290.8688 1290.2493 1289.6056 1288.9364 1288.2401 1287.5146 1286.7574 1285.9654 1285.1353 1284.2631
1259.5576 1260.8386 1262.0958 1263.5421 1265.3248 1267.4442 1269.775 1272.1649 1274.5036 1276.732 1278.8259 1280.7785 1282.5899 1284.2625 1285.7989 1287.2019 1288.4744 1289.6201 1290.6436 1291.5509 1292.3489 1293.0452 1293.6482 1294.1665 1294.6086 1294.9823 1295.2948 1295.5526 1295.7606 1295.9231 1296.0428 1296.1218 1296.1608 1296.1603 1296.1201 1296.0396 1295.9186 1295.7569 1295.5546 1295.3126 1295.0319 1294.7139 1294.3607 1293.974 1293.5559 1293.1082 1292.6325 1292.1302 1291.6021 1291.0488 1290.4704 1289.8665 1289.2362 1288.5785 1287.8917 1287.1736 1286.4218 1285.6334 1284.8049 1283.9324
1259.4256 1259.9532 1260.4721 1261.4031 1263.0927 1265.4877 1268.2237 1270.9689 1273.5565 1275.936 1278.1086 1280.0909 1281.9014 1283.5551 1285.0638 1286.4367 1287.6811 1288.8033 1289.8097 1290.7066 1291.5009 1292.1996 1292.81 1293.3395 1293.7954 1294.1844 1294.5128 1294.786 1295.0086 1295.1845 1295.3164 1295.4064 1295.4559 1295.4655 1295.4356 1295.3664 1295.2579 1295.1103 1294.9241 1294.6999 1294.4387 1294.1417 1293.8104 1293.4462 1293.0507 1292.6254 1292.1714 1291.6898 1291.1811 1290.6458 1290.0838 1289.4946 1288.8775 1288.2312 1287.554 1286.844 1286.0987 1285.3151 1284.4899 1283.619
1258.9698 1258.3429 1257.4867 1257.376 1259.1322 1262.4553 1266.1605 1269.5782 1272.5653 1275.1638 1277.4463 1279.4742 1281.2927 1282.9337 1284.4192 1285.7649 1286.9826 1288.0814 1289.0691 1289.9528 1290.7394 1291.4356 1292.048 1292.5832 1293.0474 1293.4466 1293.7861 1294.0709 1294.3049 1294.4917 1294.6341 1294.7341 1294.7932 1294.8125 1294.7928 1294.7344 1294.6378 1294.5034 1294.3318 1294.1236 1293.8797 1293.6012 1293.2892 1292.9449 1292.5695 1292.164 1291.7294 1291.2664 1290.7755 1290.2568 1289.7102 1289.1352 1288.5308 1287.8959 1287.2288 1286.5275 1285.7895 1285.0121 1284.1917 1283.3245
1258.2956 1255.9296 1252.123 1248.9205 1251.4917 1257.8948 1263.6845 1268.1557 1271.6519 1274.4943 1276.8878 1278.9574 1280.7804 1282.4062 1283.867 1285.1845 1286.3744 1287.4481 1288.4149 1289.2824 1290.0577 1290.7472 1291.3571 1291.8933 1292.3612 1292.7661 1293.1128 1293.4055 1293.648 1293.8435 1293.9945 1294.1031 1294.1709 1294.1992 1294.1888 1294.1406 1294.0551 1293.9328 1293.7745 1293.5807 1293.3524 1293.0903 1292.7955 1292.4688 1292.1112 1291.7235 1291.3065 1290.8605 1290.3859 1289.8827 1289.3507 1288.7892 1288.1973 1287.5738 1286.9171 1286.2252 1285.4956 1284.7256 1283.9118 1283.0503
1257.8418 1253.445 1243.862 1225.8723 1235.5269 1252.3995 1261.4827 1267.076 1271.0079 1274.0282 1276.488 1278.5709 1280.3808 1281.9805 1283.4096 1284.6944 1285.853 1286.8987 1287.8415 1288.6897 1289.4501 1290.1292 1290.7326 1291.2656 1291.7333 1292.1402 1292.4906 1292.7882 1293.0365 1293.2383 1293.396 1293.5118 1293.5871 1293.6234 1293.6216 1293.5826 1293.5072 1293.396 1293.2497 1293.069 1292.8546 1292.6072 1292.3277 1292.0168 1291.6753 1291.3037 1290.9025 1290.4721 1290.0127 1289.5241 1289.0059 1288.4575 1287.878 1287.2661 1286.6202 1285.9383 1285.2181 1284.4568 1283.6512 1282.7975
