Data/yield_cf.tif
NCOLS 166
NROWS 297
XLLCORNER 97.345192
YLLCORNER 5.6160421
DX 0.04996348
DY 0.049990468
NODATA_VALUE -9999
[rows 130 to 155 of 297, columns 0 to 59 of 166]
3702.118 3701.9473 3701.7667 3701.5758 3701.3744 3701.162 3700.9382 3700.7027 3700.4551 3700.1951 3699.9223 3699.6363 3699.337 3699.0241 3698.6974 3698.3569 3698.0026 3697.6347 3697.2534 3696.8593 3696.4532 3696.0362 3695.6096 3695.1752 3694.7352 3694.2921 3693.8491 3693.4094 3692.9766 3692.5539 3692.1437 3691.7465 3691.3593 3690.9735 3690.5721 3690.1254 3689.5882 3688.8971 3687.9723 3686.7256 3685.0778 3682.982 3680.4468 3677.5484 3674.423 3671.2426 3668.1823 3665.3926 3662.9816 3661.0098 3659.494 3658.4156 3657.7321 3657.3872 3657.3199 3657.4709 3657.7865 3658.2213 3658.7387 3659.3105
3701.602 3701.4254 3701.2391 3701.0427 3700.8357 3700.6178 3700.3887 3700.148 3699.8953 3699.6303 3699.3528 3699.0623 3698.7586 3698.4415 3698.1109 3697.7666 3697.4087 3697.0372 3696.6524 3696.2547 3695.8447 3695.4231 3694.9909 3694.5494 3694.1001 3693.6446 3693.1848 3692.7224 3692.2591 3691.7956 3691.3316 3690.8646 3690.3885 3689.8928 3689.3597 3688.763 3688.0665 3687.2241 3686.1829 3684.8898 3683.3024 3681.4025 3679.2074 3676.7745 3674.1971 3671.5902 3669.0725 3666.7495 3664.7016 3662.979 3661.6019 3660.5651 3659.8445 3659.4036 3659.2 3659.19 3659.3325 3659.591 3659.9346 3660.3386
3701.0957 3700.9138 3700.7222 3700.5205 3700.3084 3700.0855 3699.8515 3699.606 3699.3487 3699.0793 3698.7974 3698.5029 3698.1953 3697.8745 3697.5403 3697.1927 3696.8315 3696.4568 3696.0687 3695.6676 3695.2537 3694.8276 3694.39 3693.9416 3693.4834 3693.0161 3692.5408 3692.0579 3691.5676 3691.0693 3690.5607 3690.0379 3689.4936 3688.9169 3688.2919 3687.597 3686.8046 3685.8823 3684.7957 3683.5136 3682.0144 3680.2942 3678.3719 3676.2919 3674.12 3671.9358 3669.822 3667.8536 3666.0905 3664.5727 3663.3202 3662.3345 3661.6023 3661.1002 3660.7988 3660.6662 3660.6707 3660.7833 3660.9784 3661.2342
3700.5992 3700.4124 3700.2158 3700.0093 3699.7925 3699.5649 3699.3264 3699.0766 3698.8152 3698.5417 3698.256 3697.9578 3697.6467 3697.3226 3696.9853 3696.6347 3696.2706 3695.893 3695.502 3695.0977 3694.6803 3694.2501 3693.8074 3693.3527 3692.8863 3692.4085 3691.9195 3691.419 3690.9063 3690.3795 3689.8357 3689.2702 3688.6759 3688.0426 3687.357 3686.602 3685.7574 3684.8009 3683.7109 3682.4695 3681.0669 3679.5061 3677.8051 3675.9984 3674.134 3672.2684 3670.4606 3668.765 3667.2261 3665.8756 3664.7313 3663.7977 3663.068 3662.5274 3662.1551 3661.9278 3661.8214 3661.8123 3661.8794 3662.0037
3700.1124 3699.9209 3699.7198 3699.5088 3699.2876 3699.0559 3698.8133 3698.5596 3698.2943 3698.0173 3697.7282 3697.4267 3697.1126 3696.7856 3696.4455 3696.0922 3695.7256 3695.3455 3694.9519 3694.5449 3694.1244 3693.6906 3693.2435 3692.7833 3692.3099 3691.8232 3691.3229 3690.808 3690.2773 3689.7285 3689.1583 3688.562 3687.933 3687.2626 3686.5401 3685.7524 3684.8852 3683.9236 3682.8542 3681.6675 3680.3603 3678.9387 3677.4188 3675.8278 3674.2012 3672.5805 3671.0085 3669.525 3668.1637 3666.9494 3665.8972 3665.0126 3664.2926 3663.7276 3663.3031 3663.0018 3662.8048 3662.6933 3662.6493 3662.6563
3699.6351 3699.4393 3699.234 3699.0189 3698.7938 3698.5582 3698.312 3698.0547 3697.786 3697.5058 3697.2136 3696.9093 3696.5925 3696.263 3695.9206 3695.5651 3695.1963 3694.8141 3694.4184 3694.0091 3693.5861 3693.1493 3692.6986 3692.2339 3691.7548 3691.261 3690.7517 3690.2258 3689.6817 3689.1169 3688.5281 3687.9111 3687.26 3686.5677 3685.8258 3685.0249 3684.1547 3683.2057 3682.17 3681.0432 3679.8258 3678.5248 3677.1544 3675.7361 3674.2969 3672.8675 3671.4796 3670.1631 3668.9434 3667.84 3666.8652 3666.0246 3665.3173 3664.7369 3664.2731 3663.9127 3663.6408 3663.442 3663.301 3663.2027
3699.1671 3698.9674 3698.7583 3698.5395 3698.3107 3698.0717 3697.8221 3697.5616 3697.29 3697.0069 3696.7121 3696.4053 3696.0862 3695.7546 3695.4102 3695.0529 3694.6824 3694.2986 3693.9012 3693.4901 3693.0651 3692.626 3692.1726 3691.7045 3691.2213 3690.7222 3690.2065 3689.6728 3689.1194 3688.5439 3687.9433 3687.3138 3686.6506 3685.9479 3685.1996 3684.3986 3683.5381 3682.6123 3681.6168 3680.5501 3679.4149 3678.2182 3676.9723 3675.694 3674.4045 3673.1268 3671.8849 3670.7012 3669.5952 3668.5821 3667.6721 3666.8699 3666.1759 3665.5855 3665.0913 3664.6829 3664.3483 3664.0745 3663.848 3663.6552
3698.7085 3698.5051 3698.2924 3698.0702 3697.8382 3697.596 3697.3434 3697.0801 3696.8058 3696.5203 3696.2232 3695.9143 3695.5933 3695.26 3694.914 3694.5553 3694.1835 3693.7985 3693.3999 3692.9876 3692.5613 3692.1207 3691.6655 3691.1952 3690.7092 3690.2068 3689.687 3689.1485 3688.5895 3688.008 3687.4012 3686.7659 3686.0982 3685.3938 3684.648 3683.8559 3683.0131 3682.1162 3681.1632 3680.1545 3679.0935 3677.9869 3676.8452 3675.6819 3674.5134 3673.3576 3672.2327 3671.1557 3670.1417 3669.2026 3668.3464 3667.5773 3666.8958 3666.2989 3665.7806 3665.3325 3664.9448 3664.6061 3664.3042 3664.0264
3698.259 3698.0522 3697.8363 3697.611 3697.376 3697.131 3696.8758 3696.61 3696.3334 3696.0458 3695.7467 3695.4361 3695.1135 3694.7789 3694.4318 3694.072 3693.6994 3693.3135 3692.9143 3692.5014 3692.0744 3691.6331 3691.177 3690.7057 3690.2184 3689.7143 3689.1926 3688.6519 3688.0906 3687.5069 3686.8984 3686.2626 3685.5963 3684.8964 3684.1593 3683.382 3682.5616 3681.6964 3680.7858 3679.8314 3678.8368 3677.8082 3676.7544 3675.6864 3674.6171 3673.5604 3672.5302 3671.5398 3670.6008 3669.7223 3668.911 3668.17 3667.5 3666.8985 3666.3606 3665.8795 3665.4465 3665.0514 3664.6831 3664.3293
3697.8184 3697.6086 3697.3898 3697.1617 3696.924 3696.6765 3696.419 3696.151 3695.8725 3695.583 3695.2824 3694.9703 3694.6466 3694.3109 3693.963 3693.6026 3693.2295 3692.8434 3692.444 3692.031 3691.6041 3691.1629 3690.7068 3690.2355 3689.7481 3689.2441 3688.7223 3688.1817 3687.6209 3687.0381 3686.4317 3685.7993 3685.1388 3684.4476 3683.7236 3682.9646 3682.169 3681.3362 3680.4667 3679.5624 3678.627 3677.6661 3676.6869 3675.6986 3674.7113 3673.736 3672.7834 3671.8639 3670.9864 3670.1582 3669.3842 3668.6671 3668.0072 3667.4024 3666.8486 3666.3397 3665.868 3665.4241 3664.9976 3664.5765
3697.3867 3697.1741 3696.9527 3696.722 3696.482 3696.2323 3695.9727 3695.7029 3695.4226 3695.1317 3694.8298 3694.5167 3694.1921 3693.8558 3693.5074 3693.1469 3692.7737 3692.3878 3691.9887 3691.5762 3691.1499 3690.7094 3690.2543 3689.784 3689.2979 3688.7952 3688.2751 3687.7365 3687.1783 3686.5991 3685.9974 3685.3715 3684.7198 3684.0405 3683.3322 3682.5935 3681.8238 3681.0231 3680.1924 3679.3339 3678.4512 3677.5491 3676.6338 3675.7126 3674.7938 3673.8859 3672.9976 3672.1366 3671.3101 3670.5237 3669.781 3669.0842 3668.4332 3667.8262 3667.2593 3666.7272 3666.2225 3665.7368 3665.2599 3664.7801
3696.9637 3696.7486 3696.5247 3696.2918 3696.0497 3695.7981 3695.5367 3695.2654 3694.9837 3694.6916 3694.3888 3694.0749 3693.7498 3693.4131 3693.0647 3692.7043 3692.3315 3691.9462 3691.5479 3691.1364 3690.7114 3690.2723 3689.8189 3689.3505 3688.8666 3688.3666 3687.8495 3687.3146 3686.7609 3686.1872 3685.5924 3684.9752 3684.3345 3683.669 3682.9778 3682.2604 3681.5166 3680.7468 3679.9524 3679.1357 3678.2998 3677.449 3676.5886 3675.7245 3674.8634 3674.0121 3673.1773 3672.3652 3671.5813 3670.8299 3670.1137 3669.4343 3668.7914 3668.1829 3667.6055 3667.0541 3666.5219 3666.0008 3665.4811 3664.9511
3696.5492 3696.3318 3696.1058 3695.8709 3695.627 3695.3737 3695.1108 3694.8382 3694.5555 3694.2625 3693.9589 3693.6446 3693.3193 3692.9826 3692.6345 3692.2745 3691.9025 3691.5181 3691.1211 3690.7112 3690.2879 3689.851 3689.3999 3688.9343 3688.4536 3687.9571 3687.4443 3686.9144 3686.3665 3685.7999 3685.2135 3684.6066 3683.9782 3683.3277 3682.6545 3681.9586 3681.24 3680.4997 3679.7389 3678.96 3678.1658 3677.3601 3676.5471 3675.732 3674.9199 3674.1164 3673.3267 3672.5558 3671.8078 3671.0861 3670.3926 3669.7283 3669.0927 3668.4837 3667.8982 3667.3311 3666.7764 3666.2261 3665.6708 3665.0993
3696.143 3695.9236 3695.6957 3695.4591 3695.2136 3694.9589 3694.6948 3694.4211 3694.1376 3693.8439 3693.54 3693.2255 3692.9002 3692.5639 3692.2163 3691.8572 3691.4863 3691.1033 3690.7079 3690.2999 3689.879 3689.4447 3688.9966 3688.5345 3688.0577 3687.5657 3687.0581 3686.5341 3685.9932 3685.4347 3684.8579 3684.2622 3683.6471 3683.0122 3682.3573 3681.6824 3680.9882 3680.2756 3679.5459 3678.8012 3678.0442 3677.2781 3676.5065 3675.7335 3674.9634 3674.2007 3673.4494 3672.7136 3671.9962 3671.2999 3670.6261 3669.9752 3669.3466 3668.7381 3668.1466 3667.5675 3666.9948 3666.4212 3665.8376 3665.2331
3695.7451 3695.5239 3695.2943 3695.0562 3694.8093 3694.5534 3694.2884 3694.0139 3693.7297 3693.4357 3693.1317 3692.8173 3692.4923 3692.1566 3691.8099 3691.4519 3691.0824 3690.7011 3690.3078 3689.9022 3689.484 3689.0528 3688.6083 3688.1502 3687.6779 3687.1912 3686.6895 3686.1723 3685.6391 3685.0895 3684.523 3683.9392 3683.3378 3682.7187 3682.0818 3681.4275 3680.7565 3680.0697 3679.3686 3678.655 3677.9312 3677.2001 3676.4647 3675.7283 3674.9946 3674.267 3673.5488 3672.843 3672.1521 3671.4779 3670.8214 3670.1827 3669.5609 3668.9539 3668.3586 3667.7707 3667.1846 3666.5934 3665.9883 3665.3592
3695.3552 3695.1323 3694.9013 3694.6619 3694.4139 3694.1571 3693.8913 3693.6162 3693.3317 3693.0376 3692.7336 3692.4196 3692.0952 3691.7603 3691.4147 3691.0582 3690.6904 3690.3112 3689.9203 3689.5174 3689.1023 3688.6746 3688.2342 3687.7805 3687.3134 3686.8324 3686.3372 3685.8273 3685.3025 3684.7623 3684.2066 3683.635 3683.0474 3682.4439 3681.8247 3681.1901 3680.541 3679.8783 3679.2034 3678.518 3677.8241 3677.124 3676.4205 3675.7163 3675.0142 3674.317 3673.6275 3672.9479 3672.2802 3671.6255 3670.9845 3670.3571 3669.7422 3669.1378 3668.5409 3667.9474 3667.3521 3666.7484 3666.1285 3665.4826
3694.9731 3694.7489 3694.5166 3694.2761 3694.0272 3693.7697 3693.5033 3693.2279 3692.9433 3692.6493 3692.3456 3692.0321 3691.7086 3691.3748 3691.0306 3690.6757 3690.3099 3689.933 3689.5447 3689.1449 3688.7333 3688.3095 3687.8734 3687.4247 3686.9631 3686.4882 3685.9999 3685.4978 3684.9817 3684.4513 3683.9065 3683.3472 3682.7734 3682.1852 3681.5831 3680.9673 3680.3388 3679.6985 3679.0477 3678.3878 3677.7207 3677.0485 3676.3732 3675.6973 3675.023 3674.3526 3673.6883 3673.0317 3672.3844 3671.7472 3671.1205 3670.5038 3669.8961 3669.2954 3668.6989 3668.1027 3667.502 3666.8909 3666.262 3665.6067
3694.5988 3694.3734 3694.14 3693.8986 3693.649 3693.3909 3693.1242 3692.8487 3692.5641 3692.2704 3691.9672 3691.6545 3691.332 3690.9996 3690.657 3690.304 3689.9404 3689.5661 3689.1808 3688.7843 3688.3763 3687.9568 3687.5254 3687.0819 3686.626 3686.1577 3685.6765 3685.1825 3684.6752 3684.1548 3683.621 3683.0739 3682.5136 3681.9404 3681.3545 3680.7567 3680.1475 3679.528 3678.8992 3678.2627 3677.6199 3676.9725 3676.3225 3675.6717 3675.022 3674.3754 3673.7333 3673.0973 3672.4683 3671.847 3671.2335 3670.6273 3670.0271 3669.4312 3668.837 3668.2408 3667.6383 3667.0242 3666.3918 3665.7334
3694.232 3694.0055 3693.7713 3693.5292 3693.279 3693.0206 3692.7537 3692.4782 3692.194 3691.9007 3691.5983 3691.2866 3690.9653 3690.6343 3690.2935 3689.9426 3689.5815 3689.21 3688.8278 3688.4348 3688.0309 3687.6158 3687.1893 3686.7512 3686.3014 3685.8397 3685.366 3684.88 3684.3818 3683.8713 3683.3485 3682.8134 3682.2663 3681.7074 3681.1372 3680.5562 3679.9651 3679.3649 3678.7565 3678.1412 3677.5204 3676.8955 3676.2681 3675.6398 3675.0122 3674.3867 3673.7646 3673.147 3672.5348 3671.9281 3671.3271 3670.7311 3670.139 3669.549 3668.9587 3668.365 3667.7639 3667.1506 3666.5195 3665.8636
3693.8726 3693.6453 3693.4103 3693.1677 3692.9171 3692.6585 3692.3917 3692.1164 3691.8325 3691.5399 3691.2384 3690.9278 3690.608 3690.2787 3689.9399 3689.5913 3689.2328 3688.8642 3688.4854 3688.0962 3687.6963 3687.2858 3686.8644 3686.432 3685.9884 3685.5335 3685.0672 3684.5895 3684.1003 3683.5996 3683.0875 3682.5642 3682.0298 3681.4847 3680.9294 3680.3643 3679.7901 3679.2078 3678.6182 3678.0224 3677.4216 3676.8171 3676.2102 3675.6022 3674.9943 3674.3879 3673.7839 3673.1831 3672.5862 3671.9932 3671.4042 3670.8183 3670.2347 3669.6516 3669.0668 3668.4777 3667.8807 3667.2716 3666.6456 3665.9969
3693.5204 3693.2923 3693.0569 3692.8139 3692.5631 3692.3044 3692.0378 3691.7629 3691.4796 3691.1878 3690.8874 3690.5781 3690.2598 3689.9324 3689.5957 3689.2495 3688.8938 3688.5283 3688.153 3687.7676 3687.3721 3686.9663 3686.5501 3686.1234 3685.6861 3685.2381 3684.7793 3684.3098 3683.8295 3683.3385 3682.837 3682.325 3681.8029 3681.271 3680.7297 3680.1796 3679.6214 3679.0557 3678.4834 3677.9055 3677.3231 3676.7371 3676.1487 3675.5591 3674.9693 3674.3802 3673.7927 3673.2074 3672.6247 3672.0446 3671.4671 3670.8915 3670.3167 3669.7414 3669.1635 3668.5807 3667.99 3667.3879 3666.7702 3666.1323
3693.1752 3692.9466 3692.7108 3692.4675 3692.2167 3691.9582 3691.6918 3691.4174 3691.1349 3690.8441 3690.5448 3690.237 3689.9204 3689.595 3689.2605 3688.917 3688.5642 3688.2019 3687.8302 3687.4488 3687.0577 3686.6567 3686.2458 3685.8249 3685.3939 3684.9527 3684.5014 3684.04 3683.5685 3683.087 3682.5957 3682.0948 3681.5845 3681.0651 3680.5372 3680.0012 3679.4578 3678.9076 3678.3514 3677.79 3677.2244 3676.6554 3676.084 3675.5112 3674.9378 3674.3646 3673.7923 3673.2213 3672.6519 3672.0842 3671.5179 3670.9525 3670.387 3669.8201 3669.2503 3668.6753 3668.0927 3667.4997 3666.8928 3666.2682
3692.8369 3692.6079 3692.3718 3692.1284 3691.8777 3691.6194 3691.3535 3691.0798 3690.7981 3690.5084 3690.2105 3689.9042 3689.5895 3689.2661 3688.9341 3688.5932 3688.2434 3687.8845 3687.5165 3687.1392 3686.7525 3686.3565 3685.9509 3685.5358 3685.111 3684.6767 3684.2328 3683.7794 3683.3165 3682.8443 3682.3629 3681.8725 3681.3735 3680.8661 3680.3509 3679.8282 3679.2987 3678.7629 3678.2216 3677.6755 3677.1253 3676.572 3676.0162 3675.4589 3674.9006 3674.3421 3673.7838 3673.2262 3672.6695 3672.1136 3671.5583 3671.003 3670.4471 3669.8893 3669.3283 3668.7623 3668.1892 3667.6068 3667.0124 3666.403
3692.5053 3692.276 3692.0398 3691.7965 3691.5459 3691.2881 3691.0227 3690.7498 3690.4691 3690.1806 3689.8841 3689.5795 3689.2667 3688.9456 3688.616 3688.278 3687.9312 3687.5758 3687.2115 3686.8383 3686.4562 3686.065 3685.6648 3685.2554 3684.837 3684.4094 3683.9728 3683.5272 3683.0727 3682.6095 3682.1376 3681.6574 3681.1692 3680.6732 3680.17 3679.6598 3679.1433 3678.621 3678.0936 3677.5616 3677.0259 3676.487 3675.9456 3675.4025 3674.8582 3674.3133 3673.7682 3673.2232 3672.6785 3672.1339 3671.5894 3671.0443 3670.4981 3669.9499 3669.3983 3668.8421 3668.2796 3667.709 3667.1281 3666.5348
3692.1803 3691.9509 3691.7146 3691.4714 3691.2212 3690.9638 3690.6992 3690.4271 3690.1475 3689.8603 3689.5654 3689.2626 3688.9518 3688.633 3688.306 3687.9708 3687.6272 3687.2752 3686.9148 3686.5457 3686.1681 3685.7819 3685.387 3684.9834 3684.5711 3684.1502 3683.7207 3683.2828 3682.8364 3682.3819 3681.9193 3681.4488 3680.9709 3680.4858 3679.9938 3679.4955 3678.9913 3678.4816 3677.9671 3677.4483 3676.9259 3676.4004 3675.8724 3675.3426 3674.8113 3674.2792 3673.7464 3673.2133 3672.68 3672.1464 3671.6123 3671.0774 3670.5411 3670.0026 3669.461 3668.9152 3668.3639 3667.8055 3667.2388 3666.662
3691.8617 3691.6322 3691.396 3691.1531 3690.9033 3690.6465 3690.3827 3690.1116 3689.8332 3689.5474 3689.2541 3688.9532 3688.6445 3688.328 3688.0037 3687.6714 3687.331 3686.9825 3686.6259 3686.2611 3685.888 3685.5066 3685.117 3684.7191 3684.3129 3683.8985 3683.476 3683.0455 3682.6071 3682.1609 3681.7072 3681.2461 3680.778 3680.3032 3679.822 3679.3348 3678.8421 3678.3443 3677.8419 3677.3354 3676.8254 3676.3124 3675.7969 3675.2794 3674.7604 3674.2401 3673.719 3673.1972 3672.6748 3672.1518 3671.628 3671.1032 3670.5768 3670.0482 3669.5168 3668.9816 3668.4417 3667.8961 3667.3436 3666.7832
