Data/yield_op.tif
NCOLS 166
NROWS 297
XLLCORNER 97.345192
YLLCORNER 5.6160421
DX 0.04996348
DY 0.049990468
NODATA_VALUE -9999
[rows 0 to 25 of 297, columns 60 to 119 of 166]
1268.5929 1268.8651 1269.2394 1269.7299 1270.3498 1271.1105 1272.0228 1273.0956 1274.3366 1275.7522 1277.3469 1279.1234 1281.0827 1283.2239 1285.5445 1288.0398 1290.7038 1293.5288 1296.5058 1299.6247 1302.8744 1306.243 1309.7181 1313.2871 1316.9372 1320.6556 1324.4298 1328.2476 1332.0973 1335.9678 1339.8483 1343.7291 1347.6009 1351.4553 1355.2846 1359.0816 1362.8401 1366.5543 1370.2194 1373.8308 1377.3847 1380.8778 1384.3073 1387.6708 1390.9664 1394.1925 1397.3477 1400.4313 1403.4426 1406.381 1409.2464 1412.0389 1414.7586 1417.4058 1419.981 1422.4848 1424.918 1427.2813 1429.5758 1431.8025
1265.7343 1265.8033 1265.9837 1266.2916 1266.7418 1267.3473 1268.1199 1269.07 1270.2064 1271.5361 1273.0644 1274.7945 1276.7275 1278.8624 1281.196 1283.7232 1286.4369 1289.3283 1292.3871 1295.6015 1298.959 1302.446 1306.0485 1309.7522 1313.5429 1317.4061 1321.328 1325.2951 1329.2945 1333.314 1337.3421 1341.368 1345.382 1349.3749 1353.3386 1357.2656 1361.1494 1364.9841 1368.7644 1372.486 1376.1449 1379.7378 1383.262 1386.7152 1390.0954 1393.4013 1396.6317 1399.7857 1402.8629 1405.863 1408.7859 1411.6317 1414.4007 1417.0934 1419.7104 1422.2524 1424.7201 1427.1146 1429.4369 1431.6882
1263.0034 1262.8309 1262.782 1262.8747 1263.1251 1263.5477 1264.1556 1264.9605 1265.9723 1267.1991 1268.6469 1270.3192 1272.2175 1274.3403 1276.6841 1279.2428 1282.0083 1284.9701 1288.1165 1291.434 1294.908 1298.5232 1302.2637 1306.1132 1310.0556 1314.075 1318.1559 1322.2833 1326.443 1330.6217 1334.8069 1338.9871 1343.1517 1347.291 1351.3963 1355.46 1359.4751 1363.4356 1367.3362 1371.1724 1374.9402 1378.6365 1382.2585 1385.804 1389.2714 1392.6592 1395.9664 1399.1926 1402.3371 1405.4 1408.3813 1411.2812 1414.1003 1416.839 1419.4981 1422.0785 1424.581 1427.0066 1429.3566 1431.6321
1260.4042 1259.9481 1259.6313 1259.4732 1259.491 1259.7005 1260.1164 1260.7515 1261.6171 1262.7224 1264.0742 1265.6766 1267.5312 1269.6363 1271.9877 1274.5783 1277.3983 1280.436 1283.6774 1287.1069 1290.7079 1294.4628 1298.3534 1302.3614 1306.4685 1310.6569 1314.9093 1319.2092 1323.541 1327.8902 1332.243 1336.5873 1340.9115 1345.2056 1349.4603 1353.6676 1357.8203 1361.9123 1365.9382 1369.8935 1373.7743 1377.5774 1381.3004 1384.941 1388.4978 1391.9697 1395.3557 1398.6554 1401.8686 1404.9955 1408.0361 1410.991 1413.8607 1416.6459 1419.3476 1421.9665 1424.5039 1426.9607 1429.3382 1431.6378
1257.9335 1257.149 1256.5234 1256.0765 1255.8267 1255.7909 1255.985 1256.4236 1257.1194 1258.083 1259.3222 1260.8418 1262.6435 1264.7254 1267.0823 1269.7059 1272.5848 1275.7051 1279.0505 1282.6031 1286.3435 1290.2516 1294.3065 1298.4874 1302.7739 1307.1458 1311.584 1316.0701 1320.587 1325.1188 1329.6508 1334.1697 1338.6634 1343.1211 1347.5333 1351.8915 1356.1885 1360.4178 1364.5743 1368.6533 1372.6511 1376.5647 1380.3917 1384.1302 1387.7788 1391.3367 1394.8032 1398.178 1401.4613 1404.6531 1407.754 1410.7646 1413.6856 1416.5179 1419.2624 1421.9202 1424.4925 1426.9805 1429.3854 1431.7088
1255.579 1254.4204 1253.4439 1252.6692 1252.115 1251.7995 1251.7401 1251.9533 1252.4537 1253.2536 1254.3623 1255.7854 1257.5247 1259.578 1261.9392 1264.5982 1267.5418 1270.7535 1274.2143 1277.9032 1281.7979 1285.8749 1290.1107 1294.4815 1298.9641 1303.536 1308.1758 1312.8632 1317.5796 1322.3075 1327.0311 1331.7361 1336.4097 1341.0406 1345.6188 1350.1356 1354.5835 1358.9563 1363.2486 1367.456 1371.5749 1375.6025 1379.5366 1383.3756 1387.1184 1390.7643 1394.313 1397.7644 1401.1189 1404.3768 1407.5389 1410.6059 1413.5788 1416.4585 1419.2463 1421.9433 1424.5506 1427.0698 1429.5021 1431.849
1253.3172 1251.7405 1250.3719 1249.23 1248.3337 1247.7023 1247.3555 1247.312 1247.5893 1248.2018 1249.1606 1250.4725 1252.1398 1254.1597 1256.525 1259.2236 1262.2399 1265.5542 1269.1443 1272.9856 1277.0522 1281.317 1285.7529 1290.333 1295.0308 1299.8214 1304.6806 1309.5864 1314.518 1319.4567 1324.3854 1329.2888 1334.1535 1338.9676 1343.7207 1348.404 1353.01 1357.5323 1361.9659 1366.3064 1370.5504 1374.6956 1378.7398 1382.682 1386.5211 1390.2569 1393.8894 1397.4188 1400.8456 1404.1706 1407.3947 1410.5188 1413.5442 1416.4719 1419.3033 1422.0397 1424.6823 1427.2327 1429.6922 1432.0624
1251.1127 1249.0792 1247.2805 1245.7332 1244.4564 1243.4713 1242.8004 1242.4663 1242.4899 1242.8889 1243.6769 1244.8623 1246.4478 1248.4303 1250.8009 1253.5454 1256.6449 1260.0761 1263.8128 1267.8261 1272.0857 1276.5604 1281.219 1286.0307 1290.9658 1295.996 1301.0948 1306.2377 1311.402 1316.5675 1321.7159 1326.8309 1331.8985 1336.9063 1341.8437 1346.7017 1351.4729 1356.1511 1360.7313 1365.2095 1369.5827 1373.8488 1378.0061 1382.0538 1385.9915 1389.819 1393.5367 1397.1454 1400.6457 1404.0387 1407.3256 1410.5076 1413.586 1416.5622 1419.4376 1422.2136 1424.8917 1427.4734 1429.9602 1432.3537
1248.9204 1246.4005 1244.1388 1242.1498 1240.4535 1239.0742 1238.0395 1237.3771 1237.1131 1237.2697 1237.8639 1238.9063 1240.4004 1242.3425 1244.7218 1247.5211 1250.7178 1254.2841 1258.1887 1262.3978 1266.8758 1271.5865 1276.494 1281.5633 1286.7606 1292.0544 1297.4152 1302.8159 1308.2321 1313.6418 1319.0256 1324.3663 1329.6493 1334.8618 1339.9931 1345.0342 1349.9779 1354.8182 1359.5504 1364.171 1368.6773 1373.0675 1377.3407 1381.4963 1385.5343 1389.4552 1393.2597 1396.9487 1400.5235 1403.9854 1407.3359 1410.5763 1413.7084 1416.7336 1419.6534 1422.4695 1425.1834 1427.7966 1430.3107 1432.7273
1246.6907 1243.6674 1240.9163 1238.4508 1236.2939 1234.4764 1233.0329 1231.9994 1231.4092 1231.2907 1231.6658 1232.5476 1233.9408 1235.8409 1238.2349 1241.1017 1244.4139 1248.1381 1252.2371 1256.6708 1261.3975 1266.3751 1271.5623 1276.9189 1282.4071 1287.9913 1293.6391 1299.3207 1305.0097 1310.6825 1316.3185 1321.8998 1327.4113 1332.8399 1338.1751 1343.4079 1348.5314 1353.54 1358.4295 1363.1968 1367.8399 1372.3574 1376.749 1381.0147 1385.1549 1389.1706 1393.063 1396.8335 1400.4837 1404.0153 1407.43 1410.7296 1413.9159 1416.9906 1419.9554 1422.812 1425.562 1428.207 1430.7487 1433.1885
1244.3814 1240.8509 1237.589 1234.6114 1231.9484 1229.6414 1227.7367 1226.2817 1225.3202 1224.8891 1225.0161 1225.7185 1227.0018 1228.8606 1231.2787 1234.2303 1237.6817 1241.5928 1245.9189 1250.6123 1255.6239 1260.905 1266.4075 1272.086 1277.8975 1283.8026 1289.7653 1295.7532 1301.7377 1307.6939 1313.6 1319.4377 1325.1912 1330.8478 1336.3969 1341.83 1347.1405 1352.3235 1357.3753 1362.2935 1367.0768 1371.7245 1376.2369 1380.6144 1384.8584 1388.9702 1392.9516 1396.8045 1400.5309 1404.1329 1407.6126 1410.972 1414.2131 1417.338 1420.3483 1423.246 1426.0326 1428.7098 1431.2793 1433.7426
1241.9748 1237.9432 1234.1491 1230.6172 1227.3924 1224.5328 1222.1025 1220.1649 1218.778 1217.9899 1217.8362 1218.3385 1219.5038 1221.3249 1223.7813 1226.841 1230.4625 1234.597 1239.1905 1244.1862 1249.5263 1255.1538 1261.0135 1267.0534 1273.2253 1279.4853 1285.7937 1292.1157 1298.4205 1304.6817 1310.877 1316.9873 1322.997 1328.8935 1334.6666 1340.3084 1345.813 1351.1761 1356.3951 1361.4682 1366.3948 1371.1752 1375.8103 1380.3014 1384.6504 1388.8594 1392.9307 1396.8667 1400.6701 1404.3431 1407.8884 1411.3082 1414.6049 1417.7805 1420.837 1423.7764 1426.6004 1429.3105 1431.9083 1434.3954
1239.5013 1234.973 1230.6145 1226.4701 1222.6088 1219.1147 1216.0766 1213.5801 1211.7016 1210.5035 1210.031 1210.3111 1211.3517 1213.1429 1215.6583 1218.8575 1222.689 1227.0928 1232.0036 1237.3535 1243.0741 1249.0988 1255.3641 1261.811 1268.3852 1275.0381 1281.7265 1288.4127 1295.0643 1301.6537 1308.1578 1314.5577 1320.8379 1326.9863 1332.9934 1338.8522 1344.5576 1350.1064 1355.4968 1360.7282 1365.8009 1370.7161 1375.4756 1380.0815 1384.5366 1388.8435 1393.0054 1397.0252 1400.906 1404.6507 1408.2621 1411.743 1415.0959 1418.3231 1421.4268 1424.4088 1427.271 1430.0148 1432.6418 1435.1534
1237.0642 1232.0228 1227.0397 1222.1933 1217.5902 1213.3508 1209.5975 1206.4449 1203.9926 1202.3206 1201.4855 1201.5199 1202.4319 1204.2071 1206.8108 1210.1915 1214.2844 1219.0155 1224.3053 1230.0723 1236.2356 1242.7174 1249.4447 1256.3504 1263.3742 1270.4623 1277.568 1284.6512 1291.6778 1298.6196 1305.4532 1312.1599 1318.725 1325.1371 1331.3878 1337.4714 1343.3838 1349.1232 1354.689 1360.0816 1365.3026 1370.3543 1375.2393 1379.961 1384.5228 1388.9282 1393.1811 1397.285 1401.2437 1405.0605 1408.7387 1412.2814 1415.6914 1418.9712 1422.1229 1425.1487 1428.0502 1430.829 1433.4863 1436.0234
1234.8614 1229.2405 1223.5208 1217.8329 1212.3362 1207.2001 1202.5903 1198.6573 1195.5293 1193.3065 1192.0585 1191.8232 1192.6073 1194.3893 1197.1227 1200.7408 1205.1615 1210.293 1216.0381 1222.2987 1228.9788 1235.9879 1243.2423 1250.6661 1258.1923 1265.7623 1273.326 1280.8411 1288.2726 1295.5918 1302.7758 1309.8067 1316.6707 1323.358 1329.8616 1336.177 1342.3021 1348.2364 1353.9806 1359.5368 1364.9077 1370.0969 1375.1083 1379.9462 1384.6149 1389.119 1393.463 1397.6513 1401.6882 1405.5775 1409.3232 1412.9284 1416.3964 1419.7298 1422.931 1426.002 1428.9444 1431.7596 1434.4488 1437.0129
1233.1956 1226.844 1220.1949 1213.4529 1206.8471 1200.6094 1194.9582 1190.0872 1186.1575 1183.2925 1181.5752 1181.0476 1181.7125 1183.5369 1186.4577 1190.3876 1195.2221 1200.8462 1207.1407 1213.9874 1221.2727 1228.8913 1236.7475 1244.7563 1252.8437 1260.9467 1269.0122 1276.9963 1284.8636 1292.5859 1300.1412 1307.5132 1314.6898 1321.6629 1328.4275 1334.9813 1341.3237 1347.4562 1353.3813 1359.1025 1364.6244 1369.9516 1375.0895 1380.0434 1384.819 1389.4216 1393.8566 1398.1293 1402.2445 1406.2068 1410.0204 1413.6891 1417.2162 1420.6047 1423.8569 1426.9748 1429.96 1432.8137 1435.5368 1438.1299
1232.465 1225.1086 1217.2262 1209.1206 1201.1089 1193.4981 1186.5684 1180.5627 1175.6788 1172.0651 1169.8176 1168.98 1169.5468 1171.468 1174.6565 1178.9973 1184.3563 1190.5891 1197.5491 1205.0938 1213.089 1221.4126 1229.956 1238.6248 1247.3383 1256.0294 1264.643 1273.1346 1281.4694 1289.6203 1297.5676 1305.2969 1312.7986 1320.0672 1327.1001 1333.8972 1340.4606 1346.7937 1352.901 1358.7881 1364.4609 1369.9259 1375.1898 1380.2593 1385.141 1389.8416 1394.3673 1398.7241 1402.9177 1406.9532 1410.8354 1414.5685 1418.1561 1421.6012 1424.9064 1428.0736 1431.1041 1433.999 1436.7586 1439.3832
1233.1246 1224.3319 1214.774 1204.8786 1195.0686 1185.7371 1177.2333 1169.8535 1163.8352 1159.3524 1156.5128 1155.3582 1155.8679 1157.9666 1161.5341 1166.4174 1172.4436 1179.4311 1187.1993 1195.5764 1204.4048 1213.5437 1222.8709 1232.2827 1241.6927 1251.0308 1260.2409 1269.2794 1278.1131 1286.7177 1295.0763 1303.1777 1311.0157 1318.5879 1325.8947 1332.9391 1339.7257 1346.2605 1352.5503 1358.6028 1364.4258 1370.0276 1375.4163 1380.6001 1385.587 1390.3845 1395.0001 1399.4407 1403.7125 1407.8216 1411.7732 1415.5718 1419.2214 1422.7252 1426.0859 1429.3051 1432.3841 1435.3234 1438.123 1440.7827
1235.6073 1224.768 1212.9379 1200.6996 1188.5976 1177.1187 1166.685 1157.6491 1150.2901 1144.8079 1141.3198 1139.8598 1140.3836 1142.7784 1146.8778 1152.478 1159.355 1167.2799 1176.0305 1185.4008 1195.2062 1205.2863 1215.5053 1225.751 1235.9328 1245.9792 1255.8351 1265.4596 1274.8228 1283.9045 1292.6919 1301.1784 1309.3618 1317.2436 1324.8282 1332.1218 1339.1323 1345.8685 1352.3398 1358.5562 1364.5277 1370.2643 1375.776 1381.0723 1386.1627 1391.0559 1395.7603 1400.2839 1404.6339 1408.8168 1412.8384 1416.7039 1420.4174 1423.9825 1427.4015 1430.6763 1433.8076 1436.7956 1439.6397 1442.3388
1240.1905 1226.5199 1211.675 1196.4241 1181.4448 1167.3206 1154.5469 1143.5348 1134.6075 1127.9925 1123.8144 1122.0921 1122.7451 1125.6073 1130.4478 1136.9947 1144.9573 1154.047 1163.9915 1174.545 1185.4936 1196.6566 1207.8859 1219.0628 1230.0949 1240.9121 1251.4628 1261.7107 1271.6317 1281.2112 1290.4424 1299.3241 1307.8593 1316.0545 1323.9184 1331.4612 1338.6944 1345.63 1352.2804 1358.658 1364.7751 1370.6438 1376.2757 1381.6821 1386.8738 1391.8608 1396.6528 1401.2586 1405.6863 1409.9432 1414.0359 1417.9698 1421.7495 1425.3787 1428.8599 1432.1945 1435.383 1438.425 1441.3191 1444.0633
1246.7922 1229.3857 1210.6881 1191.6819 1173.1826 1155.8671 1140.304 1126.9672 1116.2314 1108.3571 1103.4755 1101.5818 1102.5424 1106.1156 1111.9813 1119.7756 1129.1219 1139.657 1151.0489 1163.0072 1175.2875 1187.6901 1200.057 1212.2669 1224.229 1235.8783 1247.17 1258.0755 1268.5787 1278.6731 1288.359 1297.6424 1306.5327 1315.0419 1323.1839 1330.9735 1338.4262 1345.5575 1352.383 1358.9177 1365.1765 1371.1734 1376.9221 1382.4355 1387.7257 1392.8044 1397.6823 1402.3691 1406.8741 1411.2054 1415.3701 1419.3743 1423.2229 1426.9199 1430.4675 1433.8672 1437.1189 1440.2214 1443.1725 1445.9689
1254.7017 1232.669 1209.3021 1185.8164 1163.1606 1142.1005 1123.2824 1107.2572 1094.4698 1085.2285 1079.6751 1077.7709 1079.3061 1083.9312 1091.2031 1100.6348 1111.7388 1124.0606 1137.1991 1150.8161 1164.6373 1178.4478 1192.0851 1205.4302 1218.3997 1230.9383 1243.0121 1254.6039 1265.7084 1276.3292 1286.4761 1296.1632 1305.4077 1314.228 1322.6439 1330.6753 1338.3419 1345.6633 1352.6581 1359.3445 1365.7398 1371.8602 1377.7214 1383.338 1388.7237 1393.8914 1398.8531 1403.6197 1408.2015 1412.6074 1416.8453 1420.9219 1424.8427 1428.6115 1432.231 1435.7021 1439.0243 1442.1954 1445.2121 1448.0699
1262.31 1235.0121 1206.3729 1177.8417 1150.4919 1125.1801 1102.6512 1083.5701 1068.4929 1057.8078 1051.6797 1050.0236 1052.52 1058.6663 1067.8487 1079.4157 1092.7391 1107.2548 1122.4849 1138.0431 1153.6302 1169.0233 1184.0632 1198.6415 1212.6889 1226.166 1239.0548 1251.3535 1263.0706 1274.2226 1284.8304 1294.9181 1304.5112 1313.6358 1322.3179 1330.583 1338.4556 1345.9591 1353.116 1359.9472 1366.4727 1372.711 1378.6796 1384.395 1389.8724 1395.1261 1400.1693 1405.0143 1409.6722 1414.1529 1418.4654 1422.617 1426.6135 1430.4594 1434.157 1437.7071 1441.1086 1444.3583 1447.4515 1450.3819
1267.0239 1234.3777 1200.3136 1166.4933 1134.1105 1104.1362 1077.4682 1054.9606 1037.3595 1025.1934 1018.6746 1017.6555 1021.6572 1029.957 1041.7042 1056.0294 1072.1284 1089.3102 1107.0165 1124.8186 1142.4025 1159.5496 1176.1156 1192.0133 1207.1964 1221.6485 1235.3733 1248.3885 1260.7201 1272.3996 1283.4611 1293.9397 1303.8706 1313.2881 1322.2249 1330.7126 1338.7805 1346.4564 1353.7662 1360.734 1367.3822 1373.7318 1379.8021 1385.6113 1391.1762 1396.5125 1401.6347 1406.5563 1411.2896 1415.8456 1420.2342 1424.4634 1428.54 1432.4686 1436.2519 1439.8902 1443.3816 1446.7219 1449.9048 1452.9218
1265.6428 1228.3546 1189.3429 1150.4321 1112.9418 1078.0137 1046.7985 1020.4702 1000.098 986.45212 979.83367 980.00639 986.2547 997.53732 1012.6747 1030.5128 1050.0333 1070.406 1090.9967 1111.3482 1131.1501 1150.2053 1168.4008 1185.6833 1202.0401 1217.4857 1232.0516 1245.7792 1258.7153 1270.9086 1282.4079 1293.2609 1303.513 1313.2071 1322.3833 1331.0791 1339.3291 1347.1654 1354.6173 1361.712 1368.4746 1374.9281 1381.0937 1386.9913 1392.6392 1398.0544 1403.2528 1408.2491 1413.0569 1417.6885 1422.1547 1426.4648 1430.6263 1434.6443 1438.5218 1442.259 1445.8532 1449.2989 1452.5877 1455.7088
1255.3473 1214.8697 1171.9986 1128.6283 1086.2077 1046.1275 1009.9362 979.32153 955.88008 940.77992 934.47227 936.5872 946.05211 961.36302 980.88869 1003.111 1026.7627 1050.8724 1074.7478 1097.9295 1120.137 1141.2189 1161.1126 1179.8137 1197.3545 1213.7885 1229.1804 1243.5997 1257.1164 1269.7985 1281.7108 1292.9139 1303.4643 1313.4137 1322.8098 1331.6961 1340.1125 1348.095 1355.6767 1362.8876 1369.7552 1376.3045 1382.5586 1388.5389 1394.2649 1399.7551 1405.0267 1410.0957 1414.9771 1419.6844 1424.2299 1428.6242 1432.8758 1436.9908 1440.9726 1444.8212 1448.5334 1452.1021 1455.5167 1458.7634
