Data/yield_mp.tif
NCOLS 166
NROWS 297
XLLCORNER 97.345192
YLLCORNER 5.6160421
DX 0.04996348
DY 0.049990468
NODATA_VALUE -9999
[rows 0 to 25 of 297, columns 60 to 119 of 166]
1359.9074 1359.5478 1358.6476 1357.355 1355.8635 1354.3296 1352.8471 1351.4584 1350.174 1348.9883 1347.889 1346.8618 1345.8928 1344.9698 1344.0824 1343.2223 1342.3827 1341.5585 1340.746 1339.9423 1339.1458 1338.3553 1337.5706 1336.7915 1336.0183 1335.2515 1334.4918 1333.7399 1332.9965 1332.2624 1331.5383 1330.8247 1330.1224 1329.4317 1328.7532 1328.087 1327.4336 1326.7931 1326.1656 1325.5511 1324.9498 1324.3616 1323.7864 1323.224 1322.6744 1322.1374 1321.6128 1321.1004 1320.5999 1320.1111 1319.6338 1319.1677 1318.7125 1318.268 1317.8339 1317.41 1316.9959 1316.5915 1316.1964 1315.8104
1364.1749 1363.7284 1362.3798 1360.4699 1358.3868 1356.375 1354.5368 1352.8923 1351.4254 1350.1085 1348.9128 1347.8125 1346.7859 1345.8152 1344.8865 1343.9887 1343.1137 1342.255 1341.4084 1340.5709 1339.7404 1338.916 1338.0974 1337.2846 1336.4782 1335.6787 1334.887 1334.1039 1333.3305 1332.5673 1331.8153 1331.0752 1330.3474 1329.6326 1328.9312 1328.2434 1327.5696 1326.9098 1326.2643 1325.6329 1325.0157 1324.4126 1323.8234 1323.2481 1322.6864 1322.1381 1321.6029 1321.0807 1320.571 1320.0737 1319.5885 1319.115 1318.653 1318.2022 1317.7622 1317.3328 1316.9137 1316.5045 1316.1051 1315.715
1369.9801 1369.4679 1367.1845 1364.1317 1361.1201 1358.4636 1356.2017 1354.2812 1352.6324 1351.1925 1349.9108 1348.7474 1347.6717 1346.6603 1345.6954 1344.7638 1343.8557 1342.9639 1342.0837 1341.2119 1340.3466 1339.4869 1338.6328 1337.7846 1336.943 1336.109 1335.2835 1334.4677 1333.6625 1332.8689 1332.0877 1331.3197 1330.5655 1329.8257 1329.1006 1328.3906 1327.6958 1327.0164 1326.3524 1325.7039 1325.0706 1324.4525 1323.8494 1323.261 1322.6872 1322.1276 1321.582 1321.05 1320.5314 1320.0258 1319.5328 1319.0521 1318.5835 1318.1265 1317.6808 1317.2461 1316.8221 1316.4085 1316.0049 1315.611
1379.1716 1378.419 1373.6261 1368.3107 1363.9006 1360.4536 1357.7443 1355.5632 1353.757 1352.218 1350.8704 1349.6601 1348.5479 1347.5052 1346.511 1345.55 1344.6116 1343.688 1342.7744 1341.8676 1340.9662 1340.0695 1339.1779 1338.2922 1337.4133 1336.5425 1335.6812 1334.8306 1333.9919 1333.1662 1332.3544 1331.5573 1330.7757 1330.0099 1329.2604 1328.5274 1327.8112 1327.1118 1326.4291 1325.7631 1325.1136 1324.4804 1323.8633 1323.262 1322.6761 1322.1054 1321.5494 1321.0079 1320.4804 1319.9666 1319.4661 1318.9785 1318.5034 1318.0405 1317.5893 1317.1496 1316.721 1316.3031 1315.8955 1315.498
1398.2985 1395.0887 1381.9019 1372.4522 1366.323 1362.1155 1359.0407 1356.6717 1354.7637 1353.1665 1351.7832 1350.5481 1349.4154 1348.3528 1347.337 1346.3517 1345.3858 1344.4315 1343.4841 1342.5413 1341.6018 1340.6658 1339.7342 1338.8082 1337.8893 1336.9793 1336.0798 1335.1922 1334.3181 1333.4585 1332.6145 1331.7871 1330.9767 1330.184 1329.4093 1328.6529 1327.9147 1327.1948 1326.4932 1325.8096 1325.1438 1324.4955 1323.8644 1323.2501 1322.6523 1322.0706 1321.5045 1320.9536 1320.4175 1319.8957 1319.3879 1318.8936 1318.4123 1317.9437 1317.4874 1317.0429 1316.6099 1316.1879 1315.7767 1315.3759
1453.9134 1423.7853 1388.4094 1374.9718 1367.7699 1363.1955 1359.9798 1357.5563 1355.6302 1354.0301 1352.6487 1351.4149 1350.2799 1349.2097 1348.1804 1347.1757 1346.1845 1345.1998 1344.2178 1343.2367 1342.2565 1341.2781 1340.3031 1339.3336 1338.3716 1337.4193 1336.4788 1335.5518 1334.6399 1333.7446 1332.8668 1332.0075 1331.1674 1330.3468 1329.5462 1328.7656 1328.005 1327.2644 1326.5435 1325.8422 1325.16 1324.4966 1323.8516 1323.2246 1322.615 1322.0225 1321.4464 1320.8864 1320.3419 1319.8125 1319.2977 1318.7969 1318.3098 1317.8358 1317.3745 1316.9255 1316.4884 1316.0628 1315.6481 1315.2442
1414.488 1406.3289 1385.5784 1374.3862 1367.8545 1363.5737 1360.5223 1358.2068 1356.3581 1354.8156 1353.4763 1352.2711 1351.1524 1350.0869 1349.0518 1348.0315 1347.0162 1346.0004 1344.9814 1343.9589 1342.9341 1341.9091 1340.8866 1339.8694 1338.8604 1337.8624 1336.8777 1335.9084 1334.9564 1334.0232 1333.1099 1332.2173 1331.3462 1330.4968 1329.6695 1328.8641 1328.0808 1327.3191 1326.5789 1325.8598 1325.1613 1324.4829 1323.8241 1323.1845 1322.5634 1321.9602 1321.3745 1320.8057 1320.2532 1319.7164 1319.1948 1318.688 1318.1953 1317.7162 1317.2504 1316.7972 1316.3563 1315.9272 1315.5095 1315.1027
1386.4317 1384.8877 1378.0606 1371.6553 1366.8786 1363.3761 1360.7337 1358.6638 1356.9771 1355.5472 1354.2871 1353.1359 1352.0504 1351.0003 1349.9652 1348.9316 1347.8918 1346.8421 1345.7821 1344.7134 1343.6386 1342.5617 1341.4863 1340.4165 1339.356 1338.308 1337.2755 1336.2609 1335.2661 1334.2928 1333.342 1332.4147 1331.5113 1330.6323 1329.7775 1328.947 1328.1405 1327.3577 1326.598 1325.8611 1325.1464 1324.4531 1323.7809 1323.1289 1322.4965 1321.8831 1321.2881 1320.7108 1320.1506 1319.6068 1319.0789 1318.5663 1318.0684 1317.5846 1317.1145 1316.6575 1316.2132 1315.781 1315.3604 1314.9512
1376.1132 1375.2383 1372.2747 1368.7302 1365.5282 1362.8888 1360.754 1359.0071 1357.5394 1356.2635 1355.1125 1354.036 1352.9974 1351.9708 1350.939 1349.8917 1348.8242 1347.7358 1346.6286 1345.5065 1344.3748 1343.2388 1342.104 1340.9756 1339.858 1338.7554 1337.671 1336.6076 1335.5671 1334.5513 1333.5613 1332.5977 1331.661 1330.7513 1329.8686 1329.0125 1328.1826 1327.3785 1326.5995 1325.8449 1325.1141 1324.4063 1323.7208 1323.0568 1322.4135 1321.7903 1321.1863 1320.601 1320.0334 1319.4831 1318.9493 1318.4313 1317.9286 1317.4405 1316.9666 1316.5061 1316.0587 1315.6237 1315.2008 1314.7893
1371.8868 1370.663 1368.7201 1366.4757 1364.3022 1362.3781 1360.7334 1359.3299 1358.1092 1357.0133 1355.9921 1355.0054 1354.0232 1353.0242 1351.9956 1350.931 1349.8294 1348.694 1347.5303 1346.3454 1345.1472 1343.9434 1342.741 1341.5467 1340.3659 1339.2033 1338.0625 1336.9464 1335.8573 1334.7966 1333.7653 1332.7641 1331.793 1330.8519 1329.9407 1329.0587 1328.2054 1327.38 1326.5817 1325.8097 1325.0632 1324.3412 1323.6428 1322.9672 1322.3135 1321.6809 1321.0685 1320.4755 1319.9012 1319.3447 1318.8054 1318.2825 1317.7755 1317.2835 1316.8061 1316.3426 1315.8925 1315.4552 1315.0302 1314.6169
1370.7485 1368.4367 1366.6004 1364.9259 1363.3834 1362.0021 1360.7875 1359.7167 1358.7515 1357.8496 1356.9715 1356.0844 1355.1634 1354.192 1353.162 1352.0718 1350.9255 1349.7308 1348.4977 1347.2373 1345.9606 1344.6778 1343.3982 1342.1295 1340.8782 1339.6495 1338.4474 1337.2748 1336.1338 1335.0258 1333.9515 1332.9112 1331.9047 1330.9317 1329.9917 1329.0837 1328.2069 1327.3605 1326.5432 1325.7542 1324.9923 1324.2565 1323.5458 1322.8592 1322.1956 1321.5541 1320.9338 1320.3337 1319.7531 1319.191 1318.6467 1318.1195 1317.6086 1317.1132 1316.6328 1316.1667 1315.7143 1315.2751 1314.8484 1314.4337
1370.4048 1367.0241 1365.1974 1363.873 1362.7758 1361.8263 1360.9901 1360.2357 1359.5274 1358.8277 1358.1014 1357.3193 1356.4599 1355.5113 1354.4701 1353.3407 1352.1333 1350.8619 1349.542 1348.1894 1346.8189 1345.4438 1344.0752 1342.7223 1341.3924 1340.0911 1338.8225 1337.5893 1336.3933 1335.2356 1334.1166 1333.0361 1331.9935 1330.9882 1330.0191 1329.0852 1328.1853 1327.3181 1326.4823 1325.6768 1324.9001 1324.1512 1323.4288 1322.7317 1322.0588 1321.409 1320.7814 1320.1749 1319.5885 1319.0215 1318.4728 1317.9417 1317.4274 1316.9292 1316.4463 1315.9781 1315.5239 1315.0831 1314.6551 1314.2394
1367.9968 1365.4786 1364.0659 1363.1336 1362.4361 1361.8719 1361.3875 1360.9416 1360.4938 1360.0047 1359.4379 1358.7638 1357.9627 1357.0264 1355.9575 1354.768 1353.4762 1352.1041 1350.6742 1349.2081 1347.7251 1346.2414 1344.7704 1343.3223 1341.905 1340.5241 1339.1835 1337.8856 1336.6317 1335.4222 1334.257 1333.1354 1332.0563 1331.0185 1330.0206 1329.0611 1328.1384 1327.251 1326.3974 1325.5759 1324.7853 1324.0239 1323.2904 1322.5836 1321.9022 1321.2449 1320.6107 1319.9984 1319.407 1318.8355 1318.283 1317.7487 1317.2316 1316.731 1316.2462 1315.7763 1315.3208 1314.879 1314.4502 1314.0339
1364.9293 1363.8357 1363.0943 1362.6286 1362.3375 1362.1502 1362.0142 1361.8824 1361.7076 1361.4429 1361.0456 1360.4821 1359.732 1358.791 1357.6692 1356.389 1354.9801 1353.4748 1351.9048 1350.2985 1348.6801 1347.0689 1345.4801 1343.9246 1342.4104 1340.9428 1339.525 1338.1586 1336.8441 1335.5811 1334.3687 1333.2054 1332.0897 1331.0196 1329.9933 1329.0088 1328.0641 1327.1573 1326.2866 1325.4502 1324.6463 1323.8733 1323.1298 1322.4141 1321.7249 1321.0609 1320.4208 1319.8034 1319.2077 1318.6326 1318.077 1317.54 1317.0208 1316.5184 1316.0322 1315.5612 1315.1049 1314.6625 1314.2334 1313.8169
1362.6904 1362.4785 1362.3491 1362.3555 1362.4775 1362.6752 1362.902 1363.1058 1363.2294 1363.2134 1363.0025 1362.5537 1361.8433 1360.8712 1359.6591 1358.2444 1356.6728 1354.9912 1353.2424 1351.4629 1349.6819 1347.9215 1346.1979 1344.5222 1342.9016 1341.3403 1339.8403 1338.402 1337.0248 1335.7071 1334.447 1333.2421 1332.0901 1330.9884 1329.9345 1328.9258 1327.9601 1327.035 1326.1483 1325.2979 1324.4818 1323.6983 1322.9456 1322.222 1321.526 1320.8561 1320.2111 1319.5895 1318.9902 1318.4121 1317.8541 1317.3152 1316.7945 1316.291 1315.8039 1315.3324 1314.8758 1314.4334 1314.0044 1313.5883
1361.2202 1361.5282 1361.8815 1362.326 1362.8621 1363.4627 1364.0826 1364.6622 1365.1291 1365.4036 1365.4083 1365.0822 1364.3946 1363.3516 1361.993 1360.3804 1358.5834 1356.6682 1354.6917 1352.6991 1350.7241 1348.7905 1346.9142 1345.1052 1343.3689 1341.7076 1340.1213 1338.6087 1337.1674 1335.7946 1334.4869 1333.2411 1332.0537 1330.9214 1329.8411 1328.8097 1327.8242 1326.882 1325.9806 1325.1175 1324.2906 1323.4977 1322.7369 1322.0065 1321.3047 1320.6299 1319.9808 1319.3559 1318.7539 1318.1737 1317.6141 1317.0739 1316.5524 1316.0484 1315.5611 1315.0898 1314.6335 1314.1915 1313.7632 1313.3479
1360.2601 1360.9305 1361.68 1362.5338 1363.4905 1364.5244 1365.5869 1366.6067 1367.4901 1368.1254 1368.3968 1368.2099 1367.5192 1366.3424 1364.7517 1362.8488 1360.7393 1358.5156 1356.2508 1353.9981 1351.794 1349.6617 1347.6149 1345.6603 1343.8002 1342.0339 1340.3585 1338.7703 1337.2648 1335.8373 1334.4832 1333.1977 1331.9765 1330.8153 1329.7102 1328.6577 1327.6541 1326.6965 1325.7819 1324.9076 1324.0711 1323.2702 1322.5027 1321.7666 1321.0601 1320.3816 1319.7294 1319.1021 1318.4983 1317.9168 1317.3563 1316.8158 1316.2942 1315.7904 1315.3036 1314.8329 1314.3775 1313.9366 1313.5095 1313.0955
1359.621 1360.5906 1361.6958 1362.95 1364.3482 1365.8629 1367.4407 1368.998 1370.4137 1371.528 1372.158 1372.143 1371.4071 1369.9921 1368.0336 1365.7034 1363.1613 1360.5328 1357.9068 1355.3413 1352.8711 1350.5151 1348.2812 1346.1707 1344.1809 1342.3065 1340.541 1338.8775 1337.309 1335.8286 1334.43 1333.1071 1331.8543 1330.6665 1329.5389 1328.4673 1327.4477 1326.4765 1325.5505 1324.6667 1323.8223 1323.0148 1322.2419 1321.5014 1320.7915 1320.1103 1319.4562 1318.8276 1318.223 1317.6411 1317.0806 1316.5405 1316.0195 1315.5167 1315.0311 1314.5617 1314.1078 1313.6686 1313.2432 1312.8311
1359.171 1360.4149 1361.8635 1363.5284 1365.4051 1367.4668 1369.6598 1371.893 1374.0202 1375.8158 1376.9766 1377.2008 1376.3426 1374.503 1371.9535 1368.9914 1365.8538 1362.701 1359.6307 1356.6967 1353.9246 1351.3226 1348.8888 1346.6158 1344.4936 1342.5109 1340.6567 1338.9203 1337.2917 1335.7616 1334.3217 1332.9645 1331.6831 1330.4715 1329.3242 1328.2361 1327.2028 1326.2203 1325.2849 1324.3935 1323.5428 1322.7304 1321.9536 1321.2103 1320.4983 1319.8157 1319.1607 1318.5318 1317.9274 1317.3461 1316.7866 1316.2477 1315.7282 1315.2271 1314.7433 1314.276 1313.8243 1313.3873 1312.9643 1312.5545
1358.8079 1360.3138 1362.1076 1364.2077 1366.6143 1369.307 1372.2399 1375.3321 1378.4367 1381.2659 1383.3071 1383.9217 1382.7774 1380.148 1376.6271 1372.7316 1368.7875 1364.9719 1361.3703 1358.0156 1354.9119 1352.0486 1349.4083 1346.9715 1344.7187 1342.6314 1340.693 1338.8884 1337.2044 1335.6292 1334.1525 1332.7652 1331.4591 1330.2273 1329.0634 1327.9617 1326.9175 1325.9261 1324.9837 1324.0867 1323.2318 1322.4162 1321.6372 1320.8925 1320.1797 1319.497 1318.8425 1318.2144 1317.6113 1317.0315 1316.4739 1315.9371 1315.4199 1314.9213 1314.4402 1313.9757 1313.5267 1313.0926 1312.6725 1312.2657
1358.4389 1360.1937 1362.3412 1364.911 1367.9125 1371.3346 1375.1478 1379.3091 1383.7465 1388.2186 1391.928 1393.3307 1391.4684 1387.2562 1382.1168 1376.8726 1371.8745 1367.2544 1363.0444 1359.2302 1355.7785 1352.6498 1349.8057 1347.2112 1344.8353 1342.6514 1340.6366 1338.7713 1337.0389 1335.4249 1333.9171 1332.5048 1331.1787 1329.9308 1328.754 1327.6423 1326.5901 1325.5927 1324.6457 1323.7454 1322.8883 1322.0714 1321.292 1320.5474 1319.8354 1319.1539 1318.5011 1317.875 1317.2742 1316.6972 1316.1424 1315.6086 1315.0946 1314.5993 1314.1216 1313.6605 1313.2151 1312.7845 1312.3679 1311.9646
1357.963 1359.9437 1362.4583 1365.5457 1369.2223 1373.4886 1378.3271 1383.7403 1389.8508 1396.8819 1404.2381 1407.8038 1403.6778 1396.0312 1388.2958 1381.2293 1374.9417 1369.4047 1364.5398 1360.2542 1356.4591 1353.0773 1350.0442 1347.307 1344.8222 1342.5546 1340.475 1338.5593 1336.7874 1335.1426 1333.6106 1332.1794 1330.8387 1329.5795 1328.3941 1327.276 1326.2193 1325.2187 1324.2699 1323.3687 1322.5116 1321.6954 1320.9173 1320.1745 1319.4648 1318.786 1318.1362 1317.5134 1316.9161 1316.3427 1315.7918 1315.262 1314.7521 1314.2609 1313.7874 1313.3305 1312.8893 1312.4629 1312.0505 1311.6512
1357.241 1359.4062 1362.326 1366.004 1370.4573 1375.7172 1381.7575 1388.5236 1396.2918 1406.4116 1421.8886 1435.3855 1420.3823 1405.8426 1394.6711 1385.4432 1377.7206 1371.2261 1365.7159 1360.9878 1356.8831 1353.2804 1350.0871 1347.232 1344.6595 1342.3261 1340.1969 1338.2436 1336.4433 1334.777 1333.229 1331.7859 1330.4365 1329.1713 1327.982 1326.8616 1325.8038 1324.8034 1323.8555 1322.956 1322.1012 1321.2878 1320.5128 1319.7736 1319.0678 1318.3931 1317.7476 1317.1293 1316.5367 1315.9681 1315.422 1314.8972 1314.3922 1313.9061 1313.4375 1312.9856 1312.5493 1312.1278 1311.7201 1311.3256
1355.9956 1358.2903 1361.7919 1366.178 1371.5159 1377.9886 1385.5995 1393.9327 1402.6751 1413.7582 1434.0997 1472.5868 1433.559 1414.9219 1400.554 1389.0281 1379.8636 1372.4838 1366.4177 1361.3283 1356.9813 1353.2118 1349.9014 1346.9627 1344.3303 1341.9536 1339.7931 1337.8174 1336.0014 1334.3243 1332.7692 1331.3219 1329.9705 1328.705 1327.5166 1326.3982 1325.3432 1324.3461 1323.4021 1322.5069 1321.6567 1320.8481 1320.0783 1319.3444 1318.644 1317.9749 1317.3351 1316.7226 1316.1358 1315.5731 1315.033 1314.514 1314.015 1313.5347 1313.072 1312.6258 1312.1952 1311.7792 1311.377 1310.9877
1353.2635 1355.9072 1360.8404 1366.0041 1372.2301 1380.176 1390.2986 1401.7059 1410.7296 1418.5025 1431.8646 1447.1644 1445.4331 1424.855 1405.4947 1391.3838 1380.9675 1372.9359 1366.5004 1361.187 1356.6974 1352.8345 1349.4619 1346.4819 1343.8223 1341.4282 1339.2573 1337.2762 1335.4584 1333.782 1332.2295 1330.7862 1329.4397 1328.1797 1326.9974 1325.8854 1324.837 1323.8466 1322.9095 1322.0212 1321.178 1320.3765 1319.6136 1318.8868 1318.1935 1317.5314 1316.8986 1316.2933 1315.7135 1315.1578 1314.6246 1314.1126 1313.6204 1313.1469 1312.6908 1312.2512 1311.8269 1311.4172 1311.021 1310.6377
1351.0871 1354.3231 1360.0146 1365.4574 1372.2516 1381.6172 1395.7026 1417.8863 1429.6407 1423.6266 1434.1722 1479.8984 1514.0784 1436.4084 1407.7417 1391.6216 1380.6304 1372.3908 1365.8648 1360.5079 1355.9977 1352.1272 1348.755 1345.7804 1343.1294 1340.7459 1338.5868 1336.6182 1334.8131 1333.1495 1331.6096 1330.1785 1328.844 1327.5957 1326.4246 1325.3234 1324.2855 1323.3053 1322.3779 1321.4992 1320.6653 1319.8728 1319.1189 1318.4008 1317.7161 1317.0626 1316.4383 1315.8412 1315.2697 1314.7221 1314.197 1313.6929 1313.2085 1312.7426 1312.294 1311.8617 1311.4446 1311.0418 1310.6524 1310.2756
