Data/yield_ri3.tif
NCOLS 166
NROWS 297
XLLCORNER 97.345192
YLLCORNER 5.6160421
DX 0.04996348
DY 0.049990468
NODATA_VALUE -9999
[rows 104 to 129 of 297, columns 60 to 119 of 166]
678.40909 680.34896 682.3687 684.48526 686.70893 689.04584 691.49974 694.07263 696.76398 699.56774 702.4663 705.42066 708.35879 711.17103 713.72941 715.93943 717.79468 719.38117 720.82572 722.23973 723.69469 725.22466 726.83786 728.52686 730.27496 732.05941 733.85249 735.6213 737.32597 738.91606 740.3253 741.46984 742.26161 742.64418 742.62846 742.28895 741.72295 741.0142 740.22116 739.38105 738.517 737.6436 736.77025 735.90309 735.04614 734.20199 733.37226 732.55785 731.75917 730.97628 730.20891 729.45657 728.71859 727.99411 727.28215 726.58162 725.89144 725.21053 724.53798 723.87312
680.25034 682.01918 683.8839 685.85114 687.9249 690.10677 692.39613 694.78991 697.28154 699.85862 702.49931 705.16794 707.81201 710.36492 712.75955 714.9512 716.93767 718.76041 720.48548 722.17927 723.89294 725.65814 727.48937 729.388 731.34558 733.346 735.36651 737.37793 739.34322 741.21182 742.9057 744.29938 745.22454 745.5514 745.30192 744.639 743.74411 742.74129 741.69811 740.64873 739.61066 738.59315 737.60113 736.63698 735.70149 734.79449 733.91518 733.06236 732.23465 731.43057 730.64857 729.88711 729.14464 728.41965 727.71067 727.01625 726.33509 725.666 725.00801 724.36044
681.8392 683.45651 685.18377 687.01987 688.96357 691.01255 693.16282 695.4081 697.73878 700.14044 702.59209 705.06468 707.52126 709.92061 712.22529 714.41247 716.4821 718.4573 720.37632 722.28133 724.2093 726.18744 728.23218 730.34986 732.53768 734.78454 737.07179 739.37455 741.66294 743.89915 746.01562 747.8479 749.05586 749.28734 748.60037 747.40503 746.04028 744.65927 743.31409 742.0206 740.78322 739.60243 738.47682 737.4039 736.38052 735.40314 734.46813 733.57189 732.711 731.88226 731.08272 730.30966 729.56059 728.83325 728.12558 727.43572 726.76202 726.10309 725.45778 724.82528
683.16175 684.65357 686.26537 687.99131 689.82653 691.76594 693.80335 695.93068 698.13708 700.40817 702.72536 705.0657 707.40305 709.71101 711.9677 714.16111 716.29292 718.37853 720.44343 722.51753 724.62986 726.8049 729.06061 731.40732 733.84699 736.37251 738.96775 741.60998 744.27713 746.96047 749.66532 752.29848 754.20057 754.18822 752.56904 750.51182 748.53245 746.70935 745.02644 743.46391 742.00811 740.64907 739.37825 738.18761 737.06941 736.01629 735.02137 734.07836 733.18157 732.32595 731.50698 730.72071 729.96363 729.23266 728.5251 727.8386 727.17113 726.52097 725.88675 725.26741
684.20973 685.60439 687.12496 688.7633 690.51261 692.36632 694.31707 696.35596 698.4719 700.65122 702.87762 705.13275 707.39753 709.65431 711.88989 714.09839 716.28319 718.45697 720.6399 722.85665 725.13319 727.4941 729.96039 732.54749 735.26303 738.10411 741.05499 744.08807 747.17572 750.32856 753.689 757.67394 761.90054 760.10933 756.80985 753.68347 751.076 748.81346 746.78589 744.94226 743.25574 741.70812 740.28416 738.97002 737.7529 736.62114 735.56426 734.57298 733.63916 732.75573 731.91658 731.11641 730.35066 729.61541 728.90728 728.22338 727.56125 726.91883 726.29443 725.68675
684.97919 686.30462 687.75854 689.33221 691.01834 692.81006 694.69982 696.67861 698.7354 700.85711 703.02902 705.23567 707.46223 709.69631 711.92982 714.16082 716.39456 718.64359 720.92688 723.26815 725.69405 728.23223 730.90944 733.74908 736.76775 739.96988 743.34044 746.83826 750.39938 753.9786 757.71 762.54134 775.79556 766.17726 760.24517 756.56009 753.54857 750.91387 748.55212 746.42134 744.49566 742.75279 741.17144 739.73152 738.41455 737.20404 736.08553 735.0465 734.0762 733.16547 732.30653 731.49274 730.71847 729.97896 729.27012 728.58852 727.93125 727.29589 726.68044 726.08328
685.4683 686.75084 688.16177 689.69294 691.33787 693.0906 694.94436 696.89047 698.91788 701.01344 703.1628 705.35173 707.5676 709.80096 712.04696 714.30649 716.58691 718.90218 721.27249 723.72345 726.28521 728.99141 731.87784 734.98041 738.33114 741.95054 745.83374 749.92887 754.11165 758.18057 761.93675 765.41579 768.43777 766.77424 762.77901 759.25179 756.0021 753.01361 750.30367 747.87076 745.69659 743.75443 742.01526 740.4512 739.03704 737.75078 736.57357 735.48946 734.48501 733.54895 732.67181 731.84567 731.06385 730.32074 729.61161 728.9325 728.28004 727.65146 727.04443 726.45706
685.67553 686.93972 688.32959 689.83855 691.46246 693.19789 695.03996 696.98068 699.00841 701.10865 703.26578 705.46499 707.69415 709.94525 712.2155 714.50817 716.83296 719.20624 721.65097 724.19654 726.8787 729.73954 732.8274 736.19628 739.90326 744.00136 748.522 753.43765 758.59267 763.60769 767.83282 770.50981 771.07406 769.35906 766.12255 762.37047 758.63158 755.15152 752.0234 749.25672 746.82311 744.68126 742.78882 741.10708 739.60255 738.24698 737.01681 735.89256 734.85811 733.90013 733.0076 732.17133 731.3837 730.63833 729.92989 729.2539 728.60662 727.98492 727.38617 726.80821
685.59875 686.86757 688.2557 689.75942 691.37924 693.11681 694.97102 696.93484 698.99469 701.13242 703.32866 705.56598 707.83117 710.11659 712.42098 714.74978 717.11543 719.53738 722.04237 724.66473 727.44709 730.44169 733.71211 737.33566 741.40521 746.0285 751.31802 757.35445 764.08401 771.0838 777.20901 780.63043 780.15235 776.53912 771.51778 766.32922 761.53545 757.31193 753.66292 750.52808 747.83064 745.49702 743.46336 741.67656 740.09334 738.67866 737.40419 736.24701 735.18849 734.21344 733.30942 732.46617 731.67522 730.92953 730.22325 729.55148 728.91012 728.29574 727.70546 727.13688
685.2354 686.53054 687.93224 689.44185 691.06851 692.8238 694.71391 696.73301 698.86247 701.07604 703.34677 705.65208 707.97638 710.31188 712.65873 715.02485 717.4258 719.88475 722.43281 725.10974 727.96548 731.06271 734.48108 738.3235 742.72569 747.86929 753.99767 761.42363 770.47872 781.20644 792.24543 798.98131 796.64569 788.11919 778.84917 770.93407 764.52663 759.34725 755.11379 751.6069 748.66326 746.16118 744.00912 742.13746 740.49263 739.03296 737.72573 736.54499 735.46999 734.48398 733.57339 732.72709 731.93597 731.19245 730.49027 729.8242 729.18986 728.58357 728.00225 727.44329
684.58412 685.92569 687.34977 688.86594 690.49877 692.27983 694.23053 696.34597 698.59474 700.93345 703.32158 705.72885 708.13673 710.5376 712.93365 715.33596 717.76392 720.24503 722.81509 725.51926 728.41415 731.57158 735.08499 739.08005 743.7325 749.29919 756.17392 764.99053 776.80578 793.30246 815.77493 834.85687 825.44326 803.60927 786.84668 775.30974 767.10083 760.97367 756.21202 752.39432 749.25856 746.6326 744.39793 742.46981 740.78584 739.29899 737.97313 736.78009 735.69757 734.70779 733.79638 732.95165 732.16403 731.42562 730.72986 730.07129 729.44535 728.84819 728.27657 727.72774
683.64764 685.053 686.49798 688.00244 689.61672 691.41495 693.45454 695.72881 698.17188 700.70425 703.26404 705.81257 708.33 710.8107 713.26048 715.69485 718.13811 720.62274 723.18951 725.88853 728.78158 731.94666 735.48573 739.53806 744.30369 750.08702 757.3834 767.06755 780.85328 802.59854 842.76433 923.25864 867.25595 816.96848 792.36682 778.01376 768.58017 761.8564 756.78285 752.79375 749.56006 746.87644 744.60715 742.65821 740.96209 739.46879 738.14042 736.94772 735.8677 734.8821 733.97622 733.13814 732.35809 731.62803 730.94129 730.29229 729.67636 729.08958 728.52861 727.99062
682.43537 683.91762 685.36868 686.81054 688.32704 690.08979 692.25987 694.81233 697.57701 700.40155 703.2005 705.93402 708.58711 711.16003 713.66469 716.12291 718.56532 721.03043 723.56435 726.2215 729.06691 732.18072 735.66606 739.66253 744.3695 750.08887 757.30834 766.87709 780.4122 801.33215 837.33196 889.02416 857.16388 815.18486 791.89874 777.82242 768.45682 761.75978 756.70831 752.74255 749.53267 746.87196 744.62389 742.69425 741.01559 739.5382 738.2245 737.04551 735.9785 735.00543 734.11175 733.28566 732.51748 731.79924 731.12428 730.48707 729.88293 729.30793 728.75871 728.23241
680.95934 682.52981 683.96554 685.24777 686.45301 687.97702 690.37933 693.50362 696.81907 700.06832 703.1812 706.14282 708.95467 711.62797 714.18351 716.65165 719.07134 721.48868 723.95584 726.53117 729.28094 732.28336 735.63533 739.46345 743.94187 749.32174 755.98082 764.50442 775.79171 791.00565 810.05899 824.36751 818.21651 800.96133 785.86511 774.79429 766.7241 760.6703 755.97889 752.2355 749.17401 746.61833 744.44802 742.57801 740.94649 739.50733 738.22541 737.07345 736.02995 735.07774 734.20293 733.39421 732.64225 731.93933 731.27901 730.65588 730.06538 729.50365 728.96737 728.45371
679.20772 680.89635 682.32453 683.3366 683.71099 684.03679 687.19185 691.77986 695.9985 699.80057 703.28724 706.51015 709.49693 712.27219 714.86729 717.32346 719.69081 722.0255 724.38726 726.83841 729.445 732.27993 735.42815 738.994 743.11121 747.95553 753.75698 760.79653 769.32865 779.24401 789.10773 795.06453 793.50551 786.29147 777.7479 770.11343 763.84649 758.79346 754.69558 751.32713 748.51599 746.13548 744.09263 742.31846 740.76104 739.38064 738.14639 737.03393 736.02383 735.1004 734.25085 733.46466 732.73311 732.04894 731.40605 730.79929 730.2243 729.67734 729.15524 728.65522
677.0715 678.99623 680.52199 681.33326 680.42026 671.86757 682.24277 690.16045 695.38842 699.74953 703.62611 707.12745 710.29714 713.16809 715.7816 718.19261 720.46694 722.6751 724.88698 727.16958 729.58769 732.2067 735.09643 738.33519 742.01314 746.2324 751.09727 756.67796 762.91185 769.3911 775.07344 778.34526 778.07942 774.78119 769.99671 765.00565 760.42631 756.4376 753.02524 750.11304 747.61642 745.46009 743.58195 741.93212 740.47087 739.1665 737.99357 736.93151 735.9636 735.07607 734.25759 733.49869 732.79147 732.12926 731.50645 730.91825 730.36055 729.82986 729.32315 728.83778
674.20715 676.76872 678.61265 679.51636 679.28885 677.22166 682.81188 689.75581 695.27693 700.05803 704.31098 708.1023 711.46037 714.41381 717.01139 719.32702 721.45098 723.47569 725.48538 727.55265 729.74009 732.10402 734.69802 737.57511 740.78731 744.37983 748.37511 752.73798 757.31187 761.73163 765.37763 767.52081 767.71914 766.1383 763.40337 760.18186 756.9326 753.89067 751.1437 748.70268 746.54534 744.63836 742.94737 741.4409 740.09162 738.87628 737.77539 736.77257 735.85413 735.00856 734.22615 733.49871 732.81928 732.18194 731.58163 731.01398 730.47526 729.96223 729.47208 729.00233
669.89959 674.26121 676.64125 677.33899 677.78358 680.0731 684.37043 689.97796 695.60254 700.78797 705.44542 709.56 713.12293 716.14181 718.66944 720.81123 722.70059 724.4656 726.21021 728.01238 729.93028 732.00915 734.28607 736.79173 739.5486 742.56421 745.81735 749.23486 752.66041 755.82852 758.37836 759.9476 760.33056 759.58685 757.99716 755.91387 753.63517 751.35966 749.1971 747.19664 745.37201 743.71848 742.22293 740.86927 739.64115 738.52328 737.50187 736.56477 735.70138 734.90252 734.16026 733.46774 732.81904 732.20904 731.63332 731.08801 730.56977 730.07567 729.60314 729.14992
663.94272 672.2014 674.98203 674.55086 673.03674 677.26608 683.10861 689.78129 696.17518 701.97286 707.13813 711.65732 715.47588 718.54536 720.91343 722.75005 724.27512 725.676 727.07982 728.56463 730.17803 731.95043 733.90173 736.0433 738.37607 740.88502 743.52964 746.23123 748.86035 751.23386 753.13546 754.36805 754.82224 754.51913 753.59537 752.24381 750.65197 748.96705 747.28831 745.67462 744.15613 742.74471 741.44148 740.24174 739.13796 738.12156 737.18385 736.31653 735.51197 734.76324 734.06415 733.40921 732.79357 732.21294 731.66356 731.14209 730.64561 730.17154 729.71757 729.28168
662.80468 672.46848 674.71514 671.29859 665.34688 668.65582 679.72292 689.33873 697.10917 703.71455 709.51791 714.6003 718.81555 721.94089 723.97983 725.26851 726.22136 727.1172 728.0938 729.2102 730.49045 731.94361 733.57073 735.36599 737.31466 739.38882 741.54151 743.70049 745.76456 747.60723 749.09272 750.10467 750.57817 750.51874 749.99687 749.12215 748.01256 746.77201 745.48034 744.19278 742.94411 741.75404 740.63202 739.58093 738.59969 737.68495 736.83221 736.0365 735.29281 734.59628 733.94237 733.32688 732.74599 732.19625 731.67456 731.17812 730.70445 730.25131 729.81671 729.39884
670.09404 675.77864 680.52908 668.52324 626.19741 646.36058 676.52751 689.81667 698.80811 706.14272 712.67957 718.63554 723.65873 726.93709 728.24701 728.48501 728.53514 728.75516 729.22176 729.9299 730.85956 731.99056 733.30323 734.77605 736.3824 738.08694 739.84186 741.58407 743.23494 744.70486 745.90399 746.75826 747.22538 747.30409 747.03196 746.47332 745.70323 744.79381 743.80599 742.78659 741.76892 740.77501 739.81838 738.90638 738.0422 737.22627 736.45734 735.73311 735.05078 734.4073 733.79958 733.22461 732.67955 732.16173 731.66868 731.19815 730.74807 730.31657 729.90195 729.50265
676.94819 679.18964 680.43546 671.77419 651.76538 659.5296 680.21102 692.58865 701.56191 709.22225 716.50443 723.89798 731.0164 735.01246 734.29099 732.36682 731.07729 730.48286 730.39647 730.68381 731.263 732.08051 733.09602 734.274 735.57854 736.96973 738.4009 739.81722 741.15646 742.35266 743.34303 744.07697 744.52459 744.68146 744.56771 744.22195 743.69258 743.02943 742.27789 741.47566 740.65196 739.82816 739.01899 738.23402 737.47899 736.75686 736.06869 735.41423 734.79244 734.20177 733.64037 733.10628 732.59753 732.11217 731.64833 731.20426 730.7783 730.36893 729.97475 729.59443
682.24438 682.73509 682.10138 679.3203 676.38803 679.73357 688.40085 697.18923 705.09838 712.59715 720.3942 729.63225 742.41372 751.35338 742.14484 736.26108 733.4792 732.11988 731.5243 731.41875 731.66861 732.19344 732.93602 733.8494 734.89055 736.01653 737.1822 738.33926 739.43693 740.42448 741.25553 741.89321 742.31478 742.51431 742.50213 742.30165 741.94437 741.4648 740.89632 740.26845 739.60566 738.92713 738.24723 737.57622 736.92109 736.28633 735.67453 735.08693 734.52382 733.98481 733.46911 732.97563 732.50314 732.05035 731.61592 731.19856 730.797 730.41005 730.03657 729.67549
686.88706 687.03254 686.90593 686.61368 687.21872 690.23044 695.60263 702.04086 708.77291 715.75108 723.40212 732.94555 748.75285 767.97506 746.05516 738.62619 735.29075 733.4977 732.52113 732.08321 732.04154 732.30449 732.80415 733.48524 734.29945 735.20188 736.14884 737.0969 738.00323 738.82708 739.53236 740.09053 740.48329 740.70391 740.75701 740.65664 740.42344 740.0813 739.65463 739.16619 738.63587 738.08017 737.51223 736.94207 736.37708 735.8225 735.28186 734.75737 734.25029 733.76112 733.28987 732.83619 732.39947 731.97896 731.5738 731.18312 730.806 730.44154 730.08888 729.74717
691.18428 691.40348 691.75882 692.46587 694.0106 696.87719 701.09702 706.29053 712.10069 718.40551 725.2977 733.01302 741.35729 745.93669 743.05569 739.28561 736.5112 734.59216 733.34838 732.63904 732.34965 732.38777 732.6788 733.16149 733.78375 734.4995 735.2664 736.04477 736.79739 737.49023 738.09389 738.5852 738.94866 739.1772 739.27195 739.24108 739.09801 738.85932 738.54275 738.16566 737.74396 737.29145 736.81967 736.3379 735.85335 735.37151 734.89638 734.43075 733.97653 733.53485 733.10635 732.69122 732.28938 731.90053 731.52423 731.15995 730.80708 730.46502 730.13312 729.81075
695.2187 695.51917 696.10277 697.16246 698.94339 701.64309 705.2925 709.76596 714.90541 720.6076 726.79923 733.26256 739.17617 742.69338 742.59629 740.27799 737.6398 735.5012 733.99904 733.05722 732.56388 732.41835 732.53848 732.85794 733.32213 733.88456 734.5044 735.145 735.77334 736.36017 736.88067 737.31528 737.65045 737.87899 737.99987 738.01747 737.94038 737.78 737.54921 737.26116 736.92839 736.56226 736.17262 735.76777 735.35445 734.93802 734.52261 734.11135 733.70649 733.30962 732.9218 732.54366 732.17552 731.81744 731.46932 731.13094 730.80197 730.48202 730.17069 729.86752
