Data/yield_mp.tif
NCOLS 166
NROWS 297
XLLCORNER 97.345192
YLLCORNER 5.6160421
DX 0.04996348
DY 0.049990468
NODATA_VALUE -9999
[rows 78 to 103 of 297, columns 0 to 59 of 166]
1298.5543 1298.459 1298.3636 1298.2686 1298.1743 1298.0814 1297.9906 1297.9028 1297.819 1297.7405 1297.6691 1297.6066 1297.5558 1297.5199 1297.5028 1297.5098 1297.5473 1297.6235 1297.7482 1297.9329 1298.1898 1298.5292 1298.9517 1299.4333 1299.8988 1300.1921 1300.0855 1299.3869 1298.0928 1296.3965 1294.5384 1292.6871 1290.9232 1289.2704 1287.7237 1286.2668 1284.8799 1283.544 1282.242 1280.9598 1279.6864 1278.4149 1277.1424 1275.8704 1274.6044 1273.3541 1272.1328 1270.9567 1269.8439 1268.8121 1267.876 1267.0468 1266.3349 1265.7598 1265.3662 1265.237 1265.4766 1266.1452 1267.2065 1268.5643
1298.3295 1298.2286 1298.1272 1298.0256 1297.9243 1297.8238 1297.7246 1297.6275 1297.5333 1297.4432 1297.3584 1297.2807 1297.212 1297.1547 1297.1118 1297.0869 1297.0843 1297.1087 1297.1653 1297.2588 1297.3921 1297.5627 1297.7572 1297.9424 1298.0547 1297.9967 1297.6548 1296.9482 1295.8777 1294.5275 1293.0167 1291.4478 1289.8866 1288.3648 1286.8923 1285.4657 1284.0759 1282.7107 1281.3576 1280.005 1278.643 1277.2653 1275.8697 1274.4586 1273.0398 1271.6259 1270.2345 1268.8879 1267.6119 1266.4313 1265.3637 1264.414 1263.5756 1262.8435 1262.2517 1261.9367 1262.1556 1263.0978 1264.656 1266.5734
1298.1068 1298.0001 1297.8926 1297.7844 1297.6758 1297.5673 1297.4594 1297.3525 1297.2475 1297.1451 1297.0463 1296.9523 1296.8646 1296.7848 1296.7148 1296.6567 1296.6128 1296.5852 1296.5756 1296.5839 1296.6072 1296.6372 1296.6564 1296.634 1296.5237 1296.2657 1295.8 1295.0881 1294.1311 1292.9701 1291.6676 1290.2848 1288.8681 1287.4459 1286.032 1284.6295 1283.2352 1281.8414 1280.4382 1279.0146 1277.5602 1276.0674 1274.5333 1272.9611 1271.3598 1269.7446 1268.137 1266.5671 1265.0733 1263.695 1262.4588 1261.3619 1260.3633 1259.3905 1258.3855 1257.483 1257.3511 1258.7439 1261.208 1263.9388
1297.8865 1297.7741 1297.6603 1297.5453 1297.4293 1297.3127 1297.1958 1297.079 1296.9628 1296.8477 1296.7345 1296.6239 1296.5167 1296.4139 1296.3165 1296.2254 1296.1412 1296.064 1295.9931 1295.9255 1295.8555 1295.7727 1295.6601 1295.4929 1295.2383 1294.859 1294.3212 1293.6042 1292.7085 1291.6553 1290.4789 1289.2159 1287.8971 1286.5446 1285.1714 1283.7831 1282.3796 1280.9561 1279.5033 1278.0085 1276.4584 1274.8414 1273.152 1271.3925 1269.573 1267.7093 1265.824 1263.9548 1262.1611 1260.5148 1259.0691 1257.8203 1256.6789 1255.447 1253.7813 1251.2787 1249.2402 1252.0767 1256.7756 1260.7157
1297.669 1297.5507 1297.4306 1297.3088 1297.1854 1297.0607 1296.9347 1296.8078 1296.6803 1296.5525 1296.4248 1296.2975 1296.1709 1296.0455 1295.9214 1295.7985 1295.6764 1295.5538 1295.4281 1295.2952 1295.1482 1294.9767 1294.766 1294.4967 1294.1458 1293.6892 1293.106 1292.384 1291.5226 1290.5328 1289.4334 1288.246 1286.9903 1285.682 1284.3318 1282.946 1281.5271 1280.0721 1278.5716 1277.009 1275.3635 1273.6158 1271.7542 1269.7786 1267.7004 1265.5334 1263.2897 1261.0053 1258.7748 1256.7405 1255.0266 1253.6533 1252.4802 1251.1692 1248.9945 1243.7027 1226.223 1242.1929 1252.0416 1257.1599
1297.4545 1297.3305 1297.2042 1297.0756 1296.9448 1296.8118 1296.6769 1296.54 1296.4013 1296.2609 1296.1189 1295.9753 1295.83 1295.6828 1295.5334 1295.381 1295.2242 1295.0608 1294.8877 1294.7 1294.4906 1294.2503 1293.9665 1293.6246 1293.2079 1292.7 1292.0871 1291.3608 1290.5194 1289.5679 1288.516 1287.3755 1286.158 1284.8733 1283.5292 1282.1329 1280.6898 1279.2014 1277.659 1276.0391 1274.3074 1272.4296 1270.3824 1268.1614 1265.7837 1263.2616 1260.5611 1257.6764 1254.7567 1252.0987 1250.0045 1248.5721 1247.5929 1246.614 1244.9037 1240.8264 1232.4062 1240.519 1248.5491 1253.4661
1297.2435 1297.1138 1296.9813 1296.846 1296.7079 1296.567 1296.4232 1296.2766 1296.127 1295.9744 1295.8185 1295.6592 1295.4961 1295.3286 1295.1558 1294.9764 1294.7886 1294.5899 1294.3764 1294.1434 1293.8843 1293.5909 1293.253 1292.8591 1292.3969 1291.8546 1291.2222 1290.4931 1289.6646 1288.7377 1287.7162 1286.6049 1285.4085 1284.131 1282.7769 1281.353 1279.8709 1278.3439 1276.7708 1275.1184 1273.3266 1271.3346 1269.1 1266.6091 1263.8972 1261.0114 1257.7596 1253.9568 1249.8521 1246.0566 1243.3345 1241.995 1241.5913 1241.4128 1240.8565 1239.6283 1238.8291 1240.9963 1245.1553 1249.2963
1297.0363 1296.901 1296.7625 1296.6207 1296.4755 1296.3268 1296.1745 1296.0184 1295.8583 1295.694 1295.5251 1295.3511 1295.1714 1294.9852 1294.7911 1294.5877 1294.3729 1294.1438 1293.8967 1293.6269 1293.3287 1292.9947 1292.6168 1292.1859 1291.6925 1291.1276 1290.4835 1289.7542 1288.9361 1288.0275 1287.0276 1285.9359 1284.7508 1283.4694 1282.0892 1280.6131 1279.0599 1277.472 1275.8848 1274.2539 1272.4594 1270.3946 1267.9971 1265.2387 1262.177 1259.1288 1255.2143 1249.9054 1243.6617 1237.4744 1233.4941 1232.8049 1233.7908 1234.9491 1235.6113 1235.4114 1234.8169 1235.5311 1239.1435 1244.3638
1296.8331 1296.6925 1296.5481 1296.4 1296.248 1296.0918 1295.9314 1295.7663 1295.5963 1295.421 1295.2399 1295.0523 1294.8575 1294.6543 1294.4414 1294.217 1293.9789 1293.7243 1293.4497 1293.1506 1292.8219 1292.4575 1292.0507 1291.594 1291.08 1290.5015 1289.852 1289.1261 1288.3192 1287.4275 1286.4472 1285.3729 1284.1968 1282.9073 1281.4889 1279.9267 1278.2288 1276.4885 1274.8966 1273.4196 1271.7422 1269.6774 1267.1765 1264.2277 1260.933 1258.8338 1253.0375 1245.6677 1235.8436 1223.6489 1215.9863 1218.9793 1223.3644 1226.6173 1228.9522 1228.9051 1225.5268 1221.7029 1226.9648 1237.813
1296.6344 1296.4885 1296.3386 1296.1845 1296.026 1295.8627 1295.6945 1295.521 1295.3418 1295.1563 1294.964 1294.7641 1294.5556 1294.3374 1294.108 1293.8656 1293.608 1293.3323 1293.0355 1292.7134 1292.3617 1291.9751 1291.5479 1291.0743 1290.5481 1289.9633 1289.3144 1288.5961 1287.8035 1286.9315 1285.9737 1284.9212 1283.7609 1282.4714 1281.0187 1279.3462 1277.3704 1275.1047 1273.3862 1272.5411 1271.2231 1269.2432 1266.7047 1263.6605 1260.1875 1256.2782 1250.6278 1241.9682 1227.9545 1200.1383 1166.5393 1199.645 1209.2409 1214.8265 1221.4279 1222.2509 1212.3934 1180.4405 1199.7891 1229.7545
1296.4403 1296.2895 1296.1344 1295.9746 1295.8099 1295.64 1295.4646 1295.2833 1295.0955 1294.9008 1294.6983 1294.4874 1294.2668 1294.0355 1293.792 1293.5343 1293.2605 1292.9679 1292.6536 1292.3141 1291.9454 1291.5432 1291.1028 1290.6193 1290.0877 1289.5029 1288.8601 1288.1545 1287.3811 1286.534 1285.6057 1284.5856 1283.4568 1282.192 1280.7423 1279.0086 1276.7396 1272.993 1268.9438 1271.7653 1271.0261 1269.149 1266.6023 1263.4923 1259.8104 1255.3318 1249.3312 1240.535 1226.0897 1195.8757 1151.8625 1192.268 1183.2325 1192.1961 1215.074 1219.3752 1209.1307 1162.9687 1191.8143 1227.8027
1296.2512 1296.0958 1295.9356 1295.7705 1295.6001 1295.4241 1295.2421 1295.0536 1294.8581 1294.6549 1294.4435 1294.2227 1293.9917 1293.7492 1293.4937 1293.2235 1292.9366 1292.6307 1292.3031 1291.9507 1291.5702 1291.158 1290.7102 1290.2226 1289.6912 1289.112 1288.4806 1287.793 1287.0445 1286.2293 1285.3403 1284.3665 1283.2915 1282.0885 1280.7106 1279.0679 1276.9611 1273.9407 1271.6173 1272.2339 1271.3425 1269.453 1266.8916 1263.7393 1259.9612 1255.3746 1249.5688 1241.8553 1231.1866 1217.1266 1206.7097 1204.2537 1186.4298 1193.6475 1216.0636 1222.0924 1219.6635 1214.1296 1220.4587 1234.2243
1296.0672 1295.9075 1295.7427 1295.5727 1295.397 1295.2153 1295.0273 1294.8323 1294.6299 1294.4193 1294.1999 1293.9707 1293.7308 1293.4788 1293.2135 1292.9332 1292.636 1292.3199 1291.9826 1291.6214 1291.2334 1290.8158 1290.3652 1289.8784 1289.3522 1288.7832 1288.1682 1287.5037 1286.7859 1286.0103 1285.1707 1284.2585 1283.2605 1282.1568 1280.9163 1279.4941 1277.8458 1276.0526 1274.5998 1273.563 1272.1864 1270.2002 1267.6131 1264.4393 1260.6518 1256.1612 1250.8176 1244.4714 1237.1436 1229.5227 1223.3763 1219.0028 1215.1689 1217.1995 1223.7326 1227.8362 1229.1412 1230.2158 1234.3277 1241.1449
1295.8887 1295.7249 1295.5559 1295.3813 1295.2008 1295.014 1294.8205 1294.6198 1294.4113 1294.1942 1293.968 1293.7316 1293.4841 1293.2244 1292.9512 1292.6629 1292.358 1292.0346 1291.6906 1291.3239 1290.9321 1290.5128 1290.0634 1289.5814 1289.0643 1288.5096 1287.9151 1287.2784 1286.5969 1285.8677 1285.087 1284.2496 1283.3478 1282.3709 1281.3048 1280.1366 1278.8717 1277.5686 1276.3164 1275.0427 1273.4863 1271.4425 1268.8291 1265.6267 1261.8305 1257.4263 1252.415 1246.9314 1241.4255 1236.5086 1232.5056 1229.5382 1227.966 1228.656 1231.1024 1233.6558 1235.7772 1238.137 1241.6006 1246.1646
1295.7157 1295.5482 1295.3753 1295.1966 1295.0118 1294.8205 1294.6222 1294.4163 1294.2025 1293.9799 1293.7478 1293.5054 1293.2518 1292.9859 1292.7066 1292.4123 1292.1019 1291.7735 1291.4256 1291.0562 1290.6635 1290.2456 1289.8006 1289.3265 1288.8217 1288.2847 1287.7141 1287.1088 1286.4679 1285.7905 1285.0759 1284.323 1283.5306 1282.6969 1281.8209 1280.904 1279.9542 1278.982 1277.9681 1276.8073 1275.3112 1273.2939 1270.6497 1267.3664 1263.4808 1259.0193 1253.9705 1248.3708 1243.016 1239.9339 1237.9139 1236.1028 1235.0446 1235.1663 1236.3754 1238.2085 1240.3695 1242.9182 1246.0233 1249.6476
1295.5483 1295.3775 1295.2011 1295.0188 1294.8301 1294.6348 1294.4322 1294.222 1294.0036 1293.7763 1293.5394 1293.2922 1293.0337 1292.763 1292.4791 1292.1807 1291.8665 1291.5353 1291.1856 1290.8159 1290.4248 1290.0108 1289.5726 1289.109 1288.619 1288.1019 1287.5576 1286.9862 1286.3886 1285.7664 1285.122 1284.4592 1283.7832 1283.1014 1282.4239 1281.7633 1281.1311 1280.5236 1279.89 1279.0899 1277.8818 1275.9968 1273.2849 1269.7924 1265.667 1260.9925 1255.6384 1248.8389 1236.8843 1239.5742 1241.0634 1240.0484 1239.0223 1238.7543 1239.4932 1241.1161 1243.3404 1245.9646 1248.9036 1252.083
1295.3868 1295.213 1295.0335 1294.8479 1294.6559 1294.457 1294.2509 1294.0369 1293.8147 1293.5835 1293.3428 1293.0917 1292.8295 1292.5553 1292.2682 1291.9671 1291.6509 1291.3186 1290.9689 1290.6008 1290.2132 1289.805 1289.3755 1288.9241 1288.4505 1287.9548 1287.4381 1286.9017 1286.3484 1285.7821 1285.2088 1284.637 1284.0787 1283.551 1283.077 1282.6867 1282.413 1282.2774 1282.2494 1282.1649 1281.6255 1280.0599 1277.1456 1273.1311 1268.4946 1263.4964 1258.0429 1251.5099 1243.0818 1243.022 1243.6849 1242.3216 1240.6505 1239.701 1240.2198 1242.165 1244.8684 1247.8098 1250.7994 1253.7938
1295.2312 1295.0547 1294.8725 1294.684 1294.4891 1294.2872 1294.0781 1293.861 1293.6357 1293.4015 1293.1577 1292.9037 1292.6389 1292.3623 1292.0732 1291.7707 1291.4539 1291.1219 1290.7738 1290.4088 1290.0261 1289.6252 1289.2057 1288.7675 1288.3111 1287.8374 1287.3483 1286.8466 1286.3366 1285.8246 1285.3196 1284.8349 1284.3892 1284.0097 1283.7356 1283.6228 1283.7489 1284.2127 1285.1048 1286.3712 1287.4073 1286.6781 1283.0815 1277.6911 1271.9865 1266.4835 1261.1371 1255.8571 1251.2113 1248.3772 1246.1836 1243.2955 1239.751 1236.8924 1237.3612 1240.9422 1245.0903 1248.7939 1252.0478 1255.0074
1295.0815 1294.9027 1294.7181 1294.5272 1294.3298 1294.1255 1293.9138 1293.6943 1293.4665 1293.2299 1292.9839 1292.7279 1292.4613 1292.1833 1291.8933 1291.5905 1291.2742 1290.9438 1290.5984 1290.2376 1289.861 1289.4683 1289.0595 1288.6351 1288.196 1287.744 1287.2817 1286.8129 1286.3433 1285.8813 1285.4385 1285.0319 1284.6864 1284.4386 1284.344 1284.4887 1285.011 1286.1392 1288.2539 1291.9013 1297.0664 1299.4003 1292.9309 1283.6431 1275.8832 1269.6054 1264.2382 1259.4837 1255.3476 1251.7804 1248.1335 1243.2971 1235.7516 1225.4794 1226.6629 1237.124 1244.4888 1249.3535 1252.9565 1255.9141
1294.9377 1294.757 1294.5703 1294.3774 1294.178 1293.9717 1293.758 1293.5366 1293.307 1293.0687 1292.8211 1292.5639 1292.2963 1292.0178 1291.7278 1291.4257 1291.1109 1290.7828 1290.4411 1290.0854 1289.7155 1289.3315 1288.9337 1288.5231 1288.1009 1287.6695 1287.232 1286.7932 1286.3598 1285.9413 1285.5514 1285.2096 1284.9449 1284.8004 1284.8436 1285.184 1286.0107 1287.6789 1290.933 1297.5845 1312.7412 1335.2952 1308.9114 1289.8153 1279.3731 1272.3556 1266.9189 1262.3397 1258.2762 1254.3848 1250.0084 1243.7724 1231.7585 1192.0268 1201.4346 1233.7483 1244.4685 1250.106 1253.8328 1256.6735
1294.7999 1294.6175 1294.4292 1294.2347 1294.0336 1293.8257 1293.6105 1293.3877 1293.1568 1292.9174 1292.669 1292.4112 1292.1434 1291.8651 1291.5758 1291.2751 1290.9626 1290.6377 1290.3003 1289.9502 1289.5875 1289.2124 1288.8256 1288.4282 1288.022 1287.6094 1287.1943 1286.7817 1286.3789 1285.996 1285.6475 1285.3539 1285.1454 1285.0669 1285.1887 1285.6254 1286.5768 1288.4231 1291.9816 1299.3643 1317.842 1361.8784 1314.3248 1292.1406 1281.2682 1274.2788 1269.0144 1264.6342 1260.6977 1256.8188 1252.4378 1246.5158 1236.81 1220.8701 1222.7811 1237.9066 1246.5091 1251.5318 1254.8856 1257.3826
1294.6679 1294.4842 1294.2946 1294.0988 1293.8965 1293.6875 1293.4712 1293.2475 1293.0158 1292.7759 1292.5272 1292.2694 1292.0019 1291.7245 1291.4367 1291.138 1290.8283 1290.5071 1290.1745 1289.8304 1289.4749 1289.1087 1288.7325 1288.3476 1287.9559 1287.5603 1287.1645 1286.7738 1286.3954 1286.0396 1285.7202 1285.457 1285.2783 1285.2257 1285.362 1285.7862 1286.6607 1288.2665 1291.1098 1296.0718 1303.8694 1308.8901 1300.5231 1289.419 1281.2508 1275.2586 1270.5232 1266.5025 1262.8504 1259.2707 1255.4223 1250.891 1245.461 1240.6536 1240.8203 1245.3913 1250.0441 1253.5579 1256.1259 1258.0502
1294.5419 1294.3571 1294.1665 1293.9698 1293.7667 1293.5568 1293.34 1293.1157 1292.8838 1292.6437 1292.3953 1292.138 1291.8715 1291.5954 1291.3095 1291.0134 1290.7069 1290.3899 1290.0623 1289.7243 1289.3762 1289.0185 1288.6523 1288.2789 1287.9003 1287.5193 1287.1396 1286.7664 1286.4064 1286.0691 1285.767 1285.5175 1285.3448 1285.2827 1285.3799 1285.7065 1286.3645 1287.4963 1289.2696 1291.7336 1294.2468 1294.6417 1291.1812 1285.6529 1280.2417 1275.573 1271.5725 1268.0431 1264.7989 1261.672 1258.5146 1255.2602 1252.1322 1249.9522 1249.7558 1251.3862 1253.6636 1255.7629 1257.4228 1258.6244
1294.4217 1294.2361 1294.0448 1293.8475 1293.6438 1293.4336 1293.2165 1292.9921 1292.7603 1292.5206 1292.2728 1292.0165 1291.7514 1291.4772 1291.1936 1290.9005 1290.5976 1290.285 1289.9626 1289.6307 1289.2897 1288.9403 1288.5833 1288.2203 1287.8532 1287.4846 1287.118 1286.7581 1286.4109 1286.0845 1285.7896 1285.5401 1285.3548 1285.2581 1285.2821 1285.4675 1285.8615 1286.5052 1287.3925 1288.3635 1288.9372 1288.3411 1286.1496 1282.8225 1279.148 1275.6038 1272.3377 1269.3396 1266.5491 1263.9015 1261.3603 1258.967 1256.9135 1255.5537 1255.1885 1255.7352 1256.7631 1257.8306 1258.6537 1259.0683
1294.3071 1294.1211 1293.9294 1293.7317 1293.5279 1293.3176 1293.1005 1292.8765 1292.6452 1292.4062 1292.1595 1291.9045 1291.6412 1291.3692 1291.0883 1290.7984 1290.4994 1290.1914 1289.8743 1289.5484 1289.2143 1288.8726 1288.5242 1288.1705 1287.8133 1287.4551 1287.0987 1286.7484 1286.4093 1286.0878 1285.7923 1285.5333 1285.3236 1285.1788 1285.1165 1285.1543 1285.3037 1285.5553 1285.8507 1286.0396 1285.8553 1284.994 1283.32 1280.9925 1278.3303 1275.6043 1272.963 1270.4608 1268.1051 1265.8919 1263.8337 1261.9868 1260.4671 1259.4249 1258.9521 1258.9857 1259.3137 1259.6693 1259.7977 1259.4445
1294.1983 1294.012 1293.8201 1293.6224 1293.4186 1293.2086 1292.992 1292.7685 1292.538 1292.3002 1292.0548 1291.8016 1291.5403 1291.2708 1290.9929 1290.7065 1290.4116 1290.1082 1289.7964 1289.4765 1289.149 1288.8145 1288.4739 1288.1285 1287.7799 1287.4301 1287.0817 1286.7381 1286.4034 1286.0825 1285.7814 1285.5072 1285.2679 1285.0715 1284.9253 1284.8322 1284.7854 1284.7585 1284.6915 1284.4797 1283.9807 1283.0618 1281.6722 1279.8806 1277.8336 1275.6819 1273.5351 1271.4575 1269.4831 1267.6351 1265.9424 1264.4516 1263.2273 1262.3325 1261.7884 1261.5392 1261.4491 1261.3265 1260.9352 1259.9544
