Data/yield_op.tif
NCOLS 166
NROWS 297
XLLCORNER 97.345192
YLLCORNER 5.6160421
DX 0.04996348
DY 0.049990468
NODATA_VALUE -9999
[rows 182 to 207 of 297, columns 60 to 119 of 166]
2232.1045 2224.9328 2218.258 2212.0711 2206.357 2201.0962 2196.2661 2191.8425 2187.8007 2184.1156 2180.763 2177.7192 2174.9622 2172.4711 2170.2269 2168.2123 2166.4119 2164.8123 2163.4018 2162.1708 2161.1114 2160.2172 2159.4832 2158.9053 2158.4802 2158.2045 2158.0742 2158.0841 2158.227 2158.4928 2158.8675 2159.3326 2159.8643 2160.4328 2161.0019 2161.5293 2161.9667 2162.2612 2162.3562 2162.1938 2161.717 2160.8725 2159.6131 2157.9001 2155.7055 2153.0133 2149.8197 2146.1333 2141.9741 2137.3714 2132.3626 2126.9905 2121.3012 2115.3425 2109.1617 2102.8044 2096.3135 2089.7284 2083.0846 2076.4136
2237.9484 2230.8732 2224.2351 2218.0319 2212.255 2206.8911 2201.9238 2197.3345 2193.1031 2189.2092 2185.6322 2182.352 2179.3491 2176.6051 2174.103 2171.8269 2169.7625 2167.8969 2166.2188 2164.7184 2163.3872 2162.218 2161.2045 2160.3411 2159.6226 2159.0438 2158.5985 2158.2798 2158.0787 2157.9837 2157.9802 2158.0498 2158.17 2158.3132 2158.4474 2158.5355 2158.5362 2158.4049 2158.0944 2157.5569 2156.7458 2155.6174 2154.1331 2152.2611 2149.9779 2147.2696 2144.1317 2140.5697 2136.5981 2132.2391 2127.5218 2122.48 2117.1508 2111.5732 2105.7865 2099.8291 2093.7376 2087.5465 2081.2871 2074.9877
2244.2261 2237.1891 2230.5438 2224.2919 2218.4291 2212.9468 2207.8327 2203.0724 2198.6497 2194.5477 2190.7488 2187.2357 2183.9913 2180.9994 2178.2442 2175.7114 2173.3875 2171.2602 2169.3185 2167.5525 2165.9534 2164.513 2163.2243 2162.0805 2161.0751 2160.2011 2159.4514 2158.8173 2158.2887 2157.8535 2157.4969 2157.201 2156.9444 2156.7022 2156.4455 2156.1422 2155.7565 2155.2507 2154.5851 2153.7201 2152.6169 2151.2395 2149.5561 2147.5402 2145.172 2142.4392 2139.337 2135.8686 2132.0445 2127.8817 2123.4027 2118.6344 2113.6066 2108.3512 2102.9008 2097.2876 2091.5431 2085.6969 2079.7768 2073.808
2250.9596 2243.9029 2237.2055 2230.8709 2224.8971 2219.2781 2214.0049 2209.0658 2204.4475 2200.1356 2196.1153 2192.3711 2188.8881 2185.6514 2182.647 2179.8614 2177.2819 2174.8968 2172.6954 2170.6676 2168.8043 2167.0971 2165.538 2164.1194 2162.8337 2161.6731 2160.6292 2159.6925 2158.8523 2158.096 2157.4089 2156.7738 2156.1708 2155.5771 2154.967 2154.3121 2153.5817 2152.7434 2151.7637 2150.6094 2149.2481 2147.6497 2145.7877 2143.6398 2141.1892 2138.4249 2135.3422 2131.9425 2128.2335 2124.2278 2119.9431 2115.4008 2110.6249 2105.6415 2100.4777 2095.1605 2089.7167 2084.172 2078.5506 2072.8751
2258.1578 2251.0263 2244.233 2237.7814 2231.6704 2225.8955 2220.4491 2215.3215 2210.5015 2205.9765 2201.7333 2197.7583 2194.038 2190.559 2187.308 2184.2727 2181.441 2178.8016 2176.3439 2174.0581 2171.9348 2169.9651 2168.1405 2166.453 2164.894 2163.4551 2162.1272 2160.9002 2159.7629 2158.7028 2157.7055 2156.7545 2155.8314 2154.9153 2153.9832 2153.0102 2151.9694 2150.8332 2149.5728 2148.1602 2146.568 2144.7709 2142.7466 2140.4762 2137.9451 2135.1436 2132.067 2128.7156 2125.0947 2121.2139 2117.087 2112.7309 2108.1651 2103.4109 2098.4908 2093.4275 2088.2439 2082.962 2077.603 2072.1869
2265.8185 2258.561 2251.6305 2245.0289 2238.755 2232.8043 2227.1701 2221.8435 2216.8144 2212.0716 2207.6031 2203.3965 2199.4394 2195.7191 2192.2237 2188.9411 2185.86 2182.9694 2180.2589 2177.7186 2175.3392 2173.1115 2171.0266 2169.0759 2167.2506 2165.5415 2163.9392 2162.4334 2161.0126 2159.6644 2158.3749 2157.1284 2155.9079 2154.6943 2153.4669 2152.2037 2150.8812 2149.4753 2147.9614 2146.3156 2144.5145 2142.5367 2140.3631 2137.9775 2135.3672 2132.5236 2129.442 2126.1218 2122.5667 2118.7839 2114.784 2110.5806 2106.1894 2101.6278 2096.9144 2092.0685 2087.1094 2082.056 2076.9269 2071.7395
2273.9299 2266.5005 2259.3947 2252.6126 2246.1513 2240.0057 2234.1689 2228.6325 2223.3866 2218.4208 2213.7237 2209.2839 2205.0895 2201.1287 2197.3901 2193.8622 2190.534 2187.395 2184.4348 2181.6436 2179.012 2176.5306 2174.1904 2171.9823 2169.8973 2167.926 2166.0584 2164.2843 2162.5923 2160.9701 2159.4044 2157.8804 2156.3821 2154.8922 2153.3921 2151.8621 2150.2815 2148.6293 2146.8843 2145.0257 2143.0335 2140.8893 2138.5766 2136.0815 2133.3928 2130.5027 2127.4066 2124.1034 2120.5954 2116.888 2112.9893 2108.9101 2104.6631 2100.2626 2095.724 2091.0635 2086.2975 2081.4422 2076.5138 2071.5275
2282.4721 2274.8306 2267.5162 2260.5258 2253.8547 2247.4965 2241.4433 2235.6864 2230.216 2225.0217 2220.0925 2215.4173 2210.9849 2206.7838 2202.8029 2199.0312 2195.4581 2192.0731 2188.8661 2185.8273 2182.9472 2180.2164 2177.6256 2175.1658 2172.8275 2170.6012 2168.477 2166.4445 2164.4924 2162.6088 2160.781 2158.995 2157.2359 2155.4879 2153.7341 2151.9569 2150.138 2148.2588 2146.3009 2144.2461 2142.0771 2139.778 2137.3344 2134.7341 2131.9673 2129.0268 2125.9082 2122.6098 2119.1331 2115.4818 2111.6623 2107.683 2103.5542 2099.2877 2094.8961 2090.3931 2085.7926 2081.1084 2076.3546 2071.5446
2291.4187 2283.5313 2275.9796 2268.7572 2261.8567 2255.2699 2248.9878 2243.0007 2237.2984 2231.8702 2226.7054 2221.7927 2217.1211 2212.6795 2208.457 2204.4429 2200.6266 2196.9979 2193.5468 2190.2635 2187.1385 2184.1624 2181.3258 2178.6194 2176.0339 2173.5597 2171.1866 2168.9045 2166.7024 2164.5688 2162.4913 2160.4568 2158.4516 2156.461 2154.4697 2152.4617 2150.4209 2148.3307 2146.1748 2143.9374 2141.6033 2139.1585 2136.5904 2133.8882 2131.0432 2128.0487 2124.9004 2121.5965 2118.1375 2114.526 2110.7668 2106.8666 2102.8337 2098.6775 2094.4088 2090.0388 2085.5793 2081.0424 2076.4399 2071.7836
2300.7383 2292.5777 2284.7653 2277.291 2270.1446 2263.3157 2256.7938 2250.568 2244.6273 2238.9606 2233.5567 2228.4044 2223.4926 2218.8103 2214.3468 2210.0913 2206.0335 2202.1633 2198.4706 2194.9458 2191.5793 2188.3618 2185.2837 2182.3359 2179.5089 2176.793 2174.1784 2171.6549 2169.2118 2166.838 2164.5218 2162.2507 2160.012 2157.792 2155.5768 2153.352 2151.1029 2148.8149 2146.4734 2144.0644 2141.5745 2138.9914 2136.3038 2133.5021 2130.5784 2127.5266 2124.3425 2121.024 2117.571 2113.9851 2110.2701 2106.431 2102.4745 2098.4083 2094.2413 2089.9828 2085.6428 2081.2317 2076.7596 2072.2369
2310.3955 2301.9411 2293.85 2286.1083 2278.703 2271.6213 2264.8507 2258.3792 2252.1947 2246.2854 2240.6396 2235.2459 2230.0931 2225.17 2220.4659 2215.9702 2211.6725 2207.5626 2203.6308 2199.8673 2196.2626 2192.8073 2189.492 2186.3074 2183.2441 2180.2925 2177.443 2174.6854 2172.0094 2169.4044 2166.859 2164.3616 2161.9002 2159.4622 2157.0347 2154.6046 2152.1588 2149.6839 2147.167 2144.5954 2141.9573 2139.2417 2136.4385 2133.539 2130.536 2127.4238 2124.1983 2120.8573 2117.4001 2113.8277 2110.1428 2106.3492 2102.4522 2098.4581 2094.3741 2090.2082 2085.9687 2081.6643 2077.304 2072.8966
2320.3522 2311.5901 2303.2077 2295.1877 2287.514 2280.1714 2273.1456 2266.4231 2259.9906 2253.8357 2247.946 2242.3097 2236.9152 2231.7514 2226.8074 2222.0725 2217.5364 2213.1889 2209.0203 2205.0208 2201.181 2197.4914 2193.9428 2190.5258 2187.2311 2184.0493 2180.9708 2177.9857 2175.0841 2172.2556 2169.4895 2166.7748 2164.1 2161.4536 2158.8237 2156.1983 2153.5652 2150.9125 2148.2285 2145.5017 2142.7216 2139.8781 2136.9622 2133.966 2130.8828 2127.7073 2124.4355 2121.065 2117.5948 2114.0252 2110.358 2106.5963 2102.744 2098.8064 2094.7892 2090.699 2086.543 2082.3284 2078.063 2073.7545
2330.5691 2321.4916 2312.8109 2304.506 2296.5579 2288.9494 2281.6641 2274.6871 2268.004 2261.6015 2255.4666 2249.5869 2243.9508 2238.5466 2233.3635 2228.3906 2223.6177 2219.0346 2214.6314 2210.3986 2206.3266 2202.406 2198.6278 2194.9825 2191.4609 2188.0539 2184.7519 2181.5453 2178.4246 2175.3796 2172.4001 2169.4757 2166.5958 2163.7493 2160.9253 2158.1127 2155.3005 2152.4775 2149.6333 2146.7574 2143.8401 2140.8725 2137.8461 2134.7538 2131.5894 2128.3478 2125.0252 2121.619 2118.1279 2114.5518 2110.8917 2107.1498 2103.3293 2099.4343 2095.4694 2091.4402 2087.3524 2083.2125 2079.027 2074.8024
2341.0066 2331.6123 2322.631 2314.0388 2305.8142 2297.9374 2290.3908 2283.1577 2276.2228 2269.5719 2263.1913 2257.0684 2251.1909 2245.5471 2240.1259 2234.9165 2229.9085 2225.0916 2220.4562 2215.9925 2211.6912 2207.5428 2203.5384 2199.6686 2195.9244 2192.2967 2188.7761 2185.3535 2182.0193 2178.764 2175.5776 2172.4504 2169.3722 2166.3328 2163.3219 2160.3291 2157.3444 2154.3575 2151.3587 2148.3386 2145.2881 2142.1991 2139.064 2135.876 2132.6292 2129.319 2125.9415 2122.494 2118.9751 2115.3841 2111.7216 2107.9891 2104.1889 2100.3242 2096.3989 2092.4173 2088.3844 2084.3056 2080.1862 2076.0322
2351.6259 2341.9188 2332.6397 2323.7619 2315.2616 2307.1172 2299.3094 2291.8205 2284.6341 2277.7352 2271.1096 2264.7441 2258.6261 2252.7439 2247.086 2241.6416 2236.4002 2231.3517 2226.4862 2221.7942 2217.2662 2212.8931 2208.6657 2204.575 2200.6121 2196.7679 2193.0333 2189.3994 2185.8569 2182.3967 2179.0092 2175.685 2172.4146 2169.1883 2165.9965 2162.8296 2159.678 2156.5324 2153.3838 2150.2234 2147.043 2143.8349 2140.5921 2137.3083 2133.9781 2130.5967 2127.1605 2123.6669 2120.1139 2116.5007 2112.8274 2109.0949 2105.3049 2101.4598 2097.5626 2093.6169 2089.6268 2085.5968 2081.5315 2077.4358
2362.3903 2352.3795 2342.8094 2333.6512 2324.8791 2316.4702 2308.4037 2300.6609 2293.2247 2286.0793 2279.21 2272.6034 2266.2465 2260.1274 2254.2345 2248.5569 2243.0841 2237.806 2232.7127 2227.7948 2223.0429 2218.4478 2214.0006 2209.6924 2205.5142 2201.4574 2197.5129 2193.6721 2189.926 2186.2656 2182.682 2179.166 2175.7087 2172.3008 2168.9334 2165.5972 2162.2836 2158.9837 2155.6891 2152.3917 2149.0839 2145.7584 2142.4088 2139.0291 2135.614 2132.1592 2128.661 2125.1166 2121.524 2117.8822 2114.1906 2110.4498 2106.6609 2102.8257 2098.9465 2095.0262 2091.0681 2087.0759 2083.0535 2079.0052
2373.2656 2362.9644 2353.1139 2343.6837 2334.6465 2325.9783 2317.6574 2309.6643 2301.9812 2294.5918 2287.4812 2280.6355 2274.0417 2267.6876 2261.5617 2255.6529 2249.9508 2244.4453 2239.1266 2233.9852 2229.0119 2224.1977 2219.5336 2215.0109 2210.6209 2206.355 2202.2044 2198.1606 2194.2149 2190.3588 2186.5835 2182.8803 2179.2406 2175.6557 2172.117 2168.616 2165.1443 2161.6937 2158.2564 2154.8247 2151.3915 2147.95 2144.4941 2141.018 2137.517 2133.9865 2130.4231 2126.8239 2123.1868 2119.5104 2115.7939 2112.0375 2108.2416 2104.4077 2100.5374 2096.633 2092.6972 2088.7329 2084.7435 2080.7325
2384.2216 2373.6467 2363.5293 2353.8379 2344.5445 2335.6243 2327.0548 2318.8162 2310.8903 2303.2605 2295.9116 2288.8296 2282.0013 2275.4146 2269.0579 2262.9202 2256.991 2251.2603 2245.7184 2240.356 2235.1639 2230.1331 2225.255 2220.5208 2215.9221 2211.4503 2207.097 2202.8538 2198.7124 2194.6643 2190.7012 2186.8148 2182.9968 2179.2388 2175.5327 2171.8705 2168.2442 2164.6461 2161.0687 2157.5049 2153.9479 2150.3914 2146.8294 2143.2567 2139.6683 2136.0602 2132.4288 2128.7711 2125.0849 2121.3687 2117.6213 2113.8426 2110.0327 2106.1923 2102.3228 2098.4259 2094.5036 2090.5583 2086.5929 2082.6101
2395.232 2384.4027 2374.0343 2364.0946 2354.5556 2345.3918 2336.581 2328.1029 2319.9391 2312.0731 2304.4896 2297.1744 2290.1146 2283.298 2276.713 2270.3487 2264.1947 2258.2412 2252.4786 2246.8975 2241.4891 2236.2444 2231.1549 2226.212 2221.4074 2216.7328 2212.18 2207.7407 2203.4069 2199.1703 2195.023 2190.9569 2186.9641 2183.0365 2179.1664 2175.3461 2171.5681 2167.8251 2164.1099 2160.4158 2156.7364 2153.0656 2149.3978 2145.7277 2142.0509 2138.3632 2134.6611 2130.9416 2127.2023 2123.4415 2119.658 2115.8511 2112.0206 2108.167 2104.2909 2100.3938 2096.4771 2092.5429 2088.5931 2084.6304
2406.2754 2395.2127 2384.6104 2374.4368 2364.6637 2355.2663 2346.2221 2337.5112 2329.1153 2321.0178 2313.2038 2305.6592 2298.371 2291.3273 2284.5167 2277.9284 2271.5522 2265.3782 2259.3972 2253.5999 2247.9775 2242.5214 2237.223 2232.0741 2227.0665 2222.1919 2217.4425 2212.8101 2208.287 2203.8651 2199.5368 2195.2941 2191.1296 2187.0355 2183.0043 2179.0287 2175.1016 2171.2159 2167.3648 2163.542 2159.7412 2155.9566 2152.1829 2148.4151 2144.6487 2140.8797 2137.1044 2133.3201 2129.5241 2125.7145 2121.89 2118.0496 2114.1928 2110.3196 2106.4306 2102.5264 2098.6082 2094.6776 2090.7363 2086.7861
2417.3353 2406.0608 2395.2426 2384.8498 2374.8552 2365.2344 2355.9655 2347.0289 2338.4069 2330.0833 2322.0432 2314.273 2306.7599 2299.4923 2292.4589 2285.6492 2279.0532 2272.6612 2266.4642 2260.453 2254.6191 2248.9539 2243.4492 2238.0968 2232.8887 2227.8169 2222.8735 2218.0509 2213.3412 2208.737 2204.2304 2199.8142 2195.4807 2191.2228 2187.0331 2182.9047 2178.8307 2174.8042 2170.8189 2166.8686 2162.9473 2159.0495 2155.1699 2151.3038 2147.4467 2143.5946 2139.7441 2135.8922 2132.0362 2128.1741 2124.3043 2120.4256 2116.5373 2112.639 2108.731 2104.8136 2100.8876 2096.954 2093.0143 2089.0698
2428.4003 2416.9353 2405.9189 2395.3219 2385.1182 2375.2845 2365.7997 2356.645 2347.8032 2339.2587 2330.9971 2323.0053 2315.2709 2307.7825 2300.5292 2293.5008 2286.6875 2280.08 2273.6693 2267.4466 2261.4035 2255.5316 2249.823 2244.2695 2238.8633 2233.5968 2228.4621 2223.4518 2218.5583 2213.7742 2209.0922 2204.5049 2200.0051 2195.5858 2191.24 2186.9609 2182.7419 2178.5765 2174.4584 2170.3817 2166.3407 2162.3299 2158.3444 2154.3794 2150.4306 2146.4941 2142.5663 2138.6443 2134.7254 2130.8074 2126.8884 2122.9672 2119.0427 2115.1144 2111.1821 2107.2459 2103.3063 2099.3638 2095.4196 2091.4747
2439.4635 2427.8282 2416.6308 2405.844 2395.4433 2385.4068 2375.7147 2366.3491 2357.2938 2348.5337 2340.0553 2331.8459 2323.8937 2316.1876 2308.7173 2301.4729 2294.4449 2287.6242 2281.0021 2274.5702 2268.3202 2262.244 2256.3336 2250.5814 2244.9796 2239.5207 2234.1971 2229.0016 2223.9268 2218.9654 2214.1102 2209.3543 2204.6905 2200.1121 2195.6123 2191.1845 2186.8223 2182.5194 2178.2699 2174.0678 2169.9077 2165.7843 2161.6928 2157.6285 2153.5871 2149.5648 2145.558 2141.5638 2137.5793 2133.6022 2129.6307 2125.6631 2121.6983 2117.7355 2113.7742 2109.8142 2105.8556 2101.8989 2097.9446 2093.9937
2450.5226 2438.7354 2427.3726 2416.4092 2405.8228 2395.5932 2385.7019 2376.1323 2366.8693 2357.8988 2349.2079 2340.7848 2332.6181 2324.6975 2317.013 2309.5551 2302.3148 2295.2833 2288.4522 2281.8133 2275.3585 2269.0801 2262.9704 2257.0216 2251.2265 2245.5775 2240.0674 2234.689 2229.4352 2224.2988 2219.2728 2214.3505 2209.525 2204.7895 2200.1377 2195.563 2191.0593 2186.6204 2182.2405 2177.914 2173.6355 2169.3998 2165.2022 2161.0381 2156.9034 2152.7941 2148.7068 2144.6384 2140.586 2136.5472 2132.52 2128.5027 2124.4939 2120.4925 2116.4978 2112.5095 2108.5273 2104.5515 2100.5822 2096.6201
2461.5793 2449.656 2438.1414 2427.0132 2416.2511 2405.8368 2395.7537 2385.9864 2376.5211 2367.3448 2358.4456 2349.8122 2341.4344 2333.3021 2325.406 2317.7371 2310.2868 2303.0468 2296.0088 2289.165 2282.5077 2276.0293 2269.7222 2263.5792 2257.5929 2251.7561 2246.0617 2240.5027 2235.0721 2229.7629 2224.5684 2219.4818 2214.4966 2209.6061 2204.8041 2200.0843 2195.4405 2190.867 2186.3579 2181.9078 2177.5115 2173.1639 2168.8602 2164.5961 2160.3673 2156.1701 2152.0009 2147.8565 2143.7342 2139.6313 2135.5457 2131.4756 2127.4194 2123.3759 2119.3441 2115.3234 2111.3134 2107.314 2103.3252 2099.3473
2472.6383 2460.592 2448.9368 2437.6534 2426.724 2416.1324 2405.8637 2395.9042 2386.2413 2376.8632 2367.7592 2358.9189 2350.3327 2341.9913 2333.8861 2326.0085 2318.3504 2310.9039 2303.6611 2296.6146 2289.7568 2283.0804 2276.5782 2270.243 2264.0676 2258.0452 2252.1687 2246.4312 2240.826 2235.3462 2229.9852 2224.7365 2219.5935 2214.55 2209.5996 2204.7362 2199.954 2195.2471 2190.61 2186.0372 2181.5237 2177.0645 2172.6548 2168.2904 2163.9672 2159.6811 2155.4289 2151.2072 2147.0131 2142.844 2138.6976 2134.572 2130.4655 2126.3766 2122.3042 2118.2476 2114.206 2110.179 2106.1666 2102.1687
