Data/yield_rb.tif
NCOLS 166
NROWS 297
XLLCORNER 97.345192
YLLCORNER 5.6160421
DX 0.04996348
DY 0.049990468
NODATA_VALUE -9999
[rows 26 to 51 of 297, columns 0 to 59 of 166]
156.07508 154.90526 153.65739 152.33389 150.94205 149.49619 148.02038 146.55155 145.14267 143.86503 142.80847 142.07746 141.78155 142.0193 142.85795 144.31381 146.3408 148.83281 151.64033 154.5957 157.53823 160.33224 162.87549 165.09973 166.9671 168.46564 169.60568 170.41702 170.94583 171.24996 171.39269 171.43606 171.43534 171.43606 171.47353 171.57423 171.75797 172.04009 172.43315 172.94798 173.59438 174.38135 175.31749 176.41152 177.67336 179.11566 180.75577 182.61757 184.73218 187.13541 189.85885 192.90993 196.23625 199.67568 202.91047 205.47242 206.85415 206.71719 205.06756 202.24982
155.45362 154.18287 152.81411 151.3461 149.78233 148.13354 146.42116 144.68168 142.97146 141.37136 139.9892 138.95748 138.42297 138.52609 139.37155 140.9975 143.35522 146.30984 149.66432 153.19731 156.70025 160.00208 162.97838 165.54894 167.6702 169.32827 170.53495 171.32605 171.75932 171.90934 171.85872 171.68786 171.46661 171.25008 171.07863 170.98062 170.9762 171.0806 171.3066 171.66591 172.16973 172.82889 173.65377 174.65446 175.84123 177.22556 178.82144 180.64646 182.72165 185.06827 187.6989 190.59946 193.69981 196.83604 199.72151 201.96171 203.14832 203.01748 201.57758 199.10451
154.90699 153.54247 152.05971 150.45321 148.72163 146.87069 144.91726 142.89492 140.86074 138.90277 137.14597 135.75299 134.91446 134.82402 135.63772 137.42723 140.14537 143.62311 147.60341 151.79747 155.93869 159.8159 163.28196 166.24551 168.65726 170.49949 171.78228 172.54509 172.85781 172.81583 172.52741 172.09754 171.61485 171.14573 170.7354 170.41306 170.19791 170.10413 170.14419 170.33048 170.67571 171.19249 171.89275 172.78717 173.88497 175.19438 176.7233 178.47988 180.47197 182.7038 185.16803 187.83092 190.61031 193.35076 195.80967 197.67812 198.65412 198.5514 197.38131 195.34728
154.45187 153.00538 151.42155 149.69027 147.80482 145.76486 143.58106 141.28169 138.92148 136.59218 134.433 132.63608 131.43962 131.09971 131.83728 133.77043 136.85952 140.89712 145.55444 150.46258 155.2891 159.78106 163.77092 167.15905 169.89081 171.94126 173.31276 174.04273 174.21164 173.93969 173.36846 172.63512 171.85175 171.09733 170.42097 169.85083 169.40349 169.09102 168.92523 168.9194 169.08824 169.44682 170.00898 170.78582 171.78478 173.00928 174.45912 176.13093 178.01779 180.10671 182.37246 184.76676 187.20348 189.54444 191.59598 193.1301 193.93705 193.89425 193.01398 191.43749
154.1036 152.59167 150.92594 149.09194 147.07759 144.87626 142.49165 139.94518 137.28663 134.60777 132.05762 129.85383 128.28065 127.65976 128.28503 130.33079 133.77091 138.35814 143.68515 149.29665 154.79287 159.88285 164.38479 168.19584 171.25719 173.5324 175.00723 175.70746 175.71908 175.18953 174.30139 173.23174 172.12027 171.05872 170.09809 169.26308 168.56586 168.01557 167.62352 167.40477 167.37749 167.56074 167.97161 168.62239 169.51853 170.65772 172.0301 173.61922 175.40269 177.35121 179.42504 181.56719 183.69471 185.6918 187.41145 188.69308 189.39729 189.44684 188.85263 187.70845
153.8749 152.3183 150.59565 148.68894 146.5816 144.26148 141.72589 138.98944 136.09593 133.13462 130.25964 127.70742 125.80026 124.91828 125.42413 127.54801 131.2795 136.33466 142.23203 148.43687 154.49173 160.07819 165.00953 169.18617 172.5474 175.04209 176.63032 177.31424 177.17614 176.38883 175.17989 173.77095 172.33081 170.96245 169.71598 168.61032 167.65198 166.84721 166.2079 165.75301 165.50687 165.49548 165.74184 166.26128 167.05789 168.12288 169.43516 170.96344 172.66886 174.50661 176.42527 178.36377 180.24688 181.9823 183.46346 184.58176 185.24778 185.41428 185.08974 184.33442
153.77463 152.19739 150.44737 148.50437 146.34897 143.96542 141.34668 138.50247 135.4719 132.3413 129.26655 126.49471 124.37221 123.31821 123.74298 125.91595 129.8369 135.19416 141.45291 148.02461 154.4172 160.30122 165.49486 169.90744 173.47968 176.14662 177.83913 178.52681 178.2768 177.27782 175.79677 174.09589 172.36923 170.72734 169.21685 167.84973 166.62707 165.55359 164.64432 163.92565 163.43254 163.20286 163.27009 163.65591 164.36442 165.3796 166.66665 168.17641 169.85124 171.63009 173.45119 175.2519 176.9667 178.52546 179.85492 180.88544 181.5624 181.8583 181.77963 181.36437
153.80679 152.23471 150.48946 148.55035 146.39729 144.01364 141.39117 138.53817 135.49225 132.33858 129.23304 126.42509 124.26721 123.18852 123.61064 125.81027 129.78464 135.20911 141.532 148.15308 154.5786 160.48645 165.70666 170.15952 173.79034 176.52683 178.27802 178.98299 178.68557 177.57302 175.93112 174.04528 172.12329 170.27753 168.54956 166.94516 165.46198 164.10607 162.89945 161.88121 161.10358 160.62381 160.49317 160.74512 161.38604 162.39123 163.70784 165.26328 166.97617 168.76632 170.56088 172.29641 173.91752 175.37431 176.62112 177.61813 178.33588 178.76083 178.89877 178.77378
153.96993 152.42886 150.72064 148.82593 146.72631 144.40714 141.86245 139.10303 136.16874 133.146 130.1895 127.54275 125.54488 124.60253 125.1077 127.30823 131.18539 136.42023 142.48686 148.81984 154.95731 160.60003 165.5923 169.8633 173.36424 176.0252 177.75049 178.46431 178.1883 177.08884 175.43866 173.51654 171.52511 169.57072 167.68875 165.88061 164.14324 162.48734 160.94648 159.57902 158.46355 157.6878 157.33205 157.45017 158.05418 159.10794 160.53277 162.22283 164.0643 165.95206 167.79981 169.5431 171.13694 172.55075 173.76325 174.75931 175.5295 176.07159 176.39231 176.50769
154.25719 152.77115 151.12983 149.31684 147.31741 145.12131 142.72772 140.15292 137.44166 134.68274 132.02719 129.70391 128.02086 127.3348 127.97596 130.13768 133.77914 138.60557 144.15176 149.92279 155.51299 160.65594 165.20975 169.10844 172.30841 174.75008 176.35096 177.0416 176.8315 175.854 174.33872 172.52587 170.59117 168.62483 166.65331 164.6739 162.68398 160.70081 158.77316 156.98566 155.45486 154.31471 153.69163 153.67352 154.2832 155.46775 157.10923 159.05226 161.1367 163.22383 165.21043 167.03119 168.65302 170.0657 171.27206 172.28016 173.09878 173.73635 174.20213 174.50795
154.6568 153.24642 151.6973 149.99708 148.13596 146.10961 143.92385 141.60166 139.19316 136.7882 134.52998 132.62435 131.33511 130.95312 131.73205 133.80318 137.10696 141.38631 146.25488 151.30478 156.19745 160.70353 164.69424 168.10566 170.89789 173.02486 174.42728 175.05664 174.92176 174.1219 172.82858 171.22253 169.43498 167.52901 165.51617 163.38598 161.13354 158.78088 156.39277 154.08606 152.02879 150.42284 149.46663 149.30364 149.97559 151.4033 153.40708 155.75627 158.2241 160.62703 162.84182 164.80405 166.49631 167.93246 169.14213 170.15799 171.00769 171.71089 172.2807 172.72709
155.15311 153.8345 152.39676 150.83209 149.13612 147.31074 145.36838 143.33812 141.27363 139.26261 137.43546 135.96863 135.07578 134.97876 135.85698 137.78705 140.69958 144.38103 148.52543 152.81126 156.96632 160.79846 164.19225 167.08553 169.44118 171.22569 172.40311 172.94885 172.87694 172.25857 171.2087 169.84403 168.24295 166.43245 164.40091 162.12262 159.58315 156.80285 153.8586 150.90207 148.16686 145.95096 144.56273 144.23523 145.0419 146.86151 149.41658 152.36264 155.37907 158.2254 160.7574 162.91639 164.70721 166.17413 167.37887 168.3826 169.23423 169.966 170.59581 171.13302
155.72795 154.5121 153.19814 151.78275 150.26669 148.65739 146.97268 145.24567 143.53066 141.90938 140.49531 139.43285 138.88641 139.01578 139.93886 141.69187 144.20458 147.30603 150.76161 154.32516 157.78345 160.97905 163.81068 166.2195 168.17116 169.64177 170.6132 171.07945 171.05938 170.60279 169.77817 168.64511 167.2296 165.51765 163.46692 161.02765 158.16627 154.89112 151.28201 147.52228 143.92212 140.90843 138.95142 138.42447 139.45307 141.84947 145.18455 148.94714 152.69084 156.10848 159.03849 161.43636 163.33785 164.82559 166.00036 166.95755 167.77106 168.48751 169.13018 169.7081
156.36202 155.25479 154.07036 152.80935 151.47679 150.08434 148.65331 147.21833 145.83128 144.56479 143.51348 142.79061 142.51734 142.80332 143.72091 145.28037 147.41683 149.99685 152.84398 155.77304 158.61988 161.25796 163.60086 165.59514 167.20987 168.42798 169.2426 169.65873 169.69639 169.3882 168.76637 167.8432 166.59686 164.97121 162.88859 160.26883 157.05127 153.2219 148.85097 144.14321 139.4882 135.47147 132.7853 132.01013 133.35235 136.52484 140.87688 145.66899 150.29971 154.39305 157.77962 160.43931 162.44674 163.92951 165.03435 165.8975 166.62273 167.27327 167.87798 168.44524
157.03622 156.03881 154.98379 153.87491 152.72029 151.5343 150.33977 149.17046 148.07348 147.1107 146.35808 145.90134 145.82666 146.20631 147.08159 148.4481 150.24941 152.38305 154.7177 157.11544 159.45143 161.62587 163.56725 165.22945 166.58601 167.62509 168.34646 168.76014 168.88371 168.73426 168.31387 167.59404 166.5084 164.95889 162.83164 160.0158 156.42301 152.01326 146.83802 141.10949 135.28666 130.12522 126.58549 125.51801 127.24056 131.33442 136.8617 142.80681 148.4014 153.21046 157.06926 159.98843 162.08229 163.52371 164.50877 165.22087 165.7995 166.32732 166.83905 167.34186
157.73275 156.84247 155.91203 154.94737 153.95857 152.96122 151.97794 151.03995 150.18821 149.47356 148.95512 148.69593 148.75556 149.18 149.99074 151.17631 152.68956 154.4526 156.36823 158.33438 160.25715 162.0594 163.68411 165.09379 166.26785 167.19957 167.89349 168.36199 168.61859 168.66545 168.47634 167.98243 167.07097 165.6003 163.42302 160.40637 156.44701 151.49064 145.57466 138.91146 132.00947 125.77032 121.41049 120.05742 122.14829 127.12579 133.75667 140.75923 147.22166 152.66976 156.94987 160.09651 162.24963 163.61442 164.43142 164.9346 165.30547 165.65016 166.01032 166.39186
158.43583 157.64704 156.83292 156.00079 155.16163 154.33103 153.53022 152.78683 152.13527 151.61614 151.2743 151.1551 151.29881 151.73372 152.46937 153.49183 154.76281 156.2235 157.80223 159.42393 161.01885 162.52884 163.91048 165.13578 166.19128 167.07644 167.80112 168.38061 168.82555 169.12462 169.22275 169.00562 168.30529 166.93048 164.70551 161.49532 157.21152 151.81788 145.36414 138.07309 130.48201 123.57207 118.70638 117.1777 119.49434 125.00906 132.30537 139.94506 146.93909 152.79501 157.36128 160.67133 162.85876 164.13072 164.75303 165.00592 165.11749 165.22266 165.37308 165.57527
159.13217 158.43717 157.72897 157.01553 156.3079 155.62085 154.97345 154.38937 153.89671 153.5272 153.31421 153.28983 153.48078 153.90385 154.56177 155.44069 156.51017 157.72607 159.03577 160.38449 161.72132 163.00382 164.20092 165.2943 166.2786 167.16072 167.95746 168.68949 169.36805 169.97182 170.41705 170.53685 170.09434 168.83835 166.57196 163.18721 158.65479 153.00352 146.33572 138.90672 131.26333 124.37033 119.54944 118.04302 120.33003 125.77315 132.99143 140.58079 147.56998 153.46622 158.10092 161.47416 163.67483 164.87081 165.31764 165.32199 165.15476 164.98386 164.87678 164.8461
159.8111 159.20099 158.58723 157.97783 157.38333 156.81718 156.29597 155.83942 155.47005 155.21216 155.09027 155.12679 155.33916 155.7369 156.31916 157.07341 157.97582 158.99348 160.08801 161.2199 162.35279 163.45704 164.51233 165.50941 166.45101 167.3519 168.23682 169.13374 170.05799 170.98284 171.79912 172.28486 172.12471 171.00009 168.70266 165.18372 160.51627 154.83411 148.32077 141.27332 134.21904 128.00957 123.75065 122.4411 124.44386 129.22363 135.63425 142.4818 148.90394 154.42993 158.86512 162.15955 164.33704 165.49582 165.83984 165.66256 165.25445 164.81201 164.42515 164.12226
160.46448 159.92986 159.39879 158.87896 158.38004 157.91388 157.49456 157.13822 156.86255 156.68597 156.6263 156.69901 156.91532 157.28029 157.79137 158.43784 159.20131 160.05739 160.97833 161.93606 162.90533 163.8666 164.80831 165.72881 166.63774 167.55646 168.5163 169.55149 170.68149 171.87663 173.00831 173.80834 173.89254 172.88572 170.58383 167.01751 162.37856 156.912 150.8771 144.59386 138.53184 133.3676 129.9142 128.86299 130.44019 134.24653 139.44293 145.12252 150.58635 155.41302 159.39364 162.43769 164.51464 165.65457 165.98635 165.74347 165.19084 164.53146 163.87788 163.28508
161.08647 160.61796 160.15821 159.7143 159.29488 158.91014 158.5718 158.29283 158.08701 157.96814 157.94905 158.04036 158.24915 158.5778 159.02316 159.57638 160.22341 160.94631 161.72519 162.54043 163.3751 164.21718 165.06167 165.91239 166.78345 167.69975 168.69523 169.80541 171.0489 172.39099 173.69024 174.65441 174.86849 173.94101 171.69395 168.23001 163.83084 158.8162 153.48557 148.14922 143.19247 139.10797 136.43887 135.61492 136.75452 139.57851 143.5176 147.93276 152.29586 156.25489 159.60838 162.24816 164.11665 165.20209 165.56532 165.35394 164.7621 163.96341 163.0795 162.19559
161.67324 161.26186 160.86278 160.48237 160.12817 159.80879 159.53384 159.31364 159.15878 159.07955 159.08511 159.1827 159.3767 159.66791 160.05318 160.52533 161.07372 161.68525 162.34575 163.04174 163.7622 164.5004 165.25558 166.03458 166.85294 167.73516 168.71232 169.81435 171.05151 172.37979 173.65225 174.58276 174.78026 173.89311 171.78807 168.60671 164.65898 160.28061 155.76901 151.40021 147.47249 144.32497 142.29944 141.64497 142.41179 144.40847 147.2612 150.53708 153.85501 156.93742 159.60704 161.7575 163.32577 164.2831 164.6447 164.4786 163.89161 162.99923 161.90892 160.72716
162.22263 161.86002 161.51192 161.18396 160.88259 160.61498 160.38891 160.21251 160.09388 160.04061 160.05925 160.15464 160.32943 160.58354 160.91404 161.31523 161.77905 162.29594 162.85588 163.44966 164.07026 164.71427 165.38315 166.08441 166.83222 167.64704 168.55254 169.56758 170.68906 171.86266 172.9458 173.68645 173.76212 172.90087 171.01929 168.26026 164.90487 161.25526 157.57618 154.09916 151.04854 148.65225 147.11923 146.58749 147.06981 148.434 150.4356 152.78562 155.21606 157.51692 159.54207 161.19667 162.42094 163.17974 163.46036 163.27332 162.65052 161.64263 160.32365 158.80477
162.73378 162.41234 162.1066 161.82145 161.56233 161.33514 161.14613 161.00165 160.90785 160.87031 160.89366 160.98113 161.1342 161.35235 161.63297 161.97153 162.36195 162.79721 163.27015 163.77447 164.30567 164.86209 165.4458 166.06324 166.72529 167.44618 168.23999 169.11287 170.04869 170.98726 171.80104 172.28879 172.21332 171.38971 169.7758 167.49313 164.76584 161.83822 158.92795 156.2212 153.88486 152.07197 150.90937 150.47095 150.75121 151.65723 153.02738 154.66871 156.39503 158.05146 159.52216 160.72588 161.60658 162.12384 162.24552 161.94372 161.19629 159.99728 158.37866 156.4409
163.20689 162.91981 162.64887 162.39823 162.17244 161.97631 161.81482 161.69289 161.61517 161.58574 161.60784 161.68357 161.81369 161.99743 162.23254 162.51541 162.84138 163.20524 163.60181 164.02661 164.47659 164.95077 165.45075 165.98094 166.54811 167.15986 167.82111 168.52733 169.25377 169.94139 170.48522 170.73733 170.53818 169.77418 168.43075 166.60225 164.45419 162.17082 159.92115 157.84975 156.07983 154.71491 153.83228 153.46991 153.6145 154.19931 155.11553 156.23322 157.42329 158.57287 159.59153 160.40996 160.97409 161.23699 161.15056 160.65966 159.70332 158.22886 156.2236 153.76485
163.64287 163.38416 163.14146 162.91828 162.71837 162.54563 162.404 162.29728 162.22894 162.20197 162.21859 162.28013 162.38687 162.53795 162.73143 162.96439 163.23322 163.53397 163.86273 164.21617 164.59195 164.98911 165.40828 165.85156 166.32179 166.82092 167.34681 167.88809 168.41691 168.88119 169.20054 169.273 168.99814 168.31177 167.21495 165.77805 164.11875 162.37055 160.65958 159.09476 157.76607 156.74388 156.07533 155.77833 155.83693 156.20195 156.79836 157.5374 158.32905 159.09098 159.75251 160.25378 160.5414 160.56179 160.25333 159.53992 158.33073 156.53325 154.08909 151.04114
