Data/yield_ri3.tif
NCOLS 166
NROWS 297
XLLCORNER 97.345192
YLLCORNER 5.6160421
DX 0.04996348
DY 0.049990468
NODATA_VALUE -9999
[rows 182 to 207 of 297, columns 0 to 59 of 166]
735.28866 735.22566 735.1638 735.10312 735.04367 734.98548 734.9286 734.87308 734.81895 734.76627 734.71507 734.6654 734.6173 734.57082 734.526 734.48288 734.44151 734.40192 734.36416 734.32828 734.2943 734.26227 734.23224 734.20423 734.17829 734.15445 734.13274 734.1132 734.09586 734.08075 734.0679 734.05733 734.04907 734.04314 734.03956 734.03834 734.0395 734.04305 734.04899 734.05734 734.06808 734.08121 734.09674 734.11464 734.13489 734.15749 734.18239 734.20958 734.23901 734.27064 734.30443 734.34033 734.37827 734.41821 734.46006 734.50375 734.54922 734.59637 734.64512 734.69537
735.63748 735.58029 735.52428 735.4695 735.41598 735.36376 735.31288 735.26339 735.21531 735.1687 735.12359 735.08002 735.03803 734.99766 734.95893 734.9219 734.88659 734.85305 734.8213 734.79138 734.76333 734.73717 734.71293 734.69065 734.67035 734.65206 734.63581 734.62161 734.60949 734.59946 734.59156 734.58578 734.58214 734.58066 734.58134 734.58419 734.58921 734.5964 734.60575 734.61726 734.63093 734.64672 734.66464 734.68465 734.70674 734.73087 734.75702 734.78514 734.81519 734.84713 734.88092 734.91648 734.95378 734.99274 735.0333 735.07539 735.11893 735.16384 735.21005 735.25746
735.98796 735.93661 735.88649 735.83763 735.79008 735.74386 735.69902 735.6556 735.61362 735.57313 735.53415 735.49672 735.46089 735.42667 735.39409 735.3632 735.33402 735.30658 735.28091 735.25703 735.23496 735.21474 735.19638 735.17991 735.16533 735.15268 735.14196 735.1332 735.12639 735.12155 735.11868 735.11779 735.11889 735.12197 735.12702 735.13405 735.14304 735.15399 735.16688 735.18168 735.19839 735.21698 735.23742 735.25968 735.28374 735.30954 735.33706 735.36625 735.39707 735.42946 735.46337 735.49875 735.53553 735.57366 735.61307 735.65368 735.69543 735.73824 735.78203 735.82673
736.3401 736.29461 736.25041 736.20751 736.16596 736.12579 736.08703 736.04971 736.01387 735.97954 735.94675 735.91553 735.8859 735.85789 735.83153 735.80685 735.78386 735.7626 735.74307 735.7253 735.70931 735.69511 735.68271 735.67213 735.66338 735.65646 735.65138 735.64814 735.64675 735.6472 735.64949 735.65362 735.65956 735.66732 735.67687 735.68821 735.70131 735.71614 735.7327 735.75093 735.77083 735.79235 735.81545 735.8401 735.86626 735.89389 735.92293 735.95333 735.98505 736.01803 736.05222 736.08755 736.12396 736.16139 736.19978 736.23905 736.27913 736.31997 736.36147 736.40357
736.69385 736.65427 736.61602 736.57912 736.54361 736.50953 736.47689 736.44574 736.41609 736.38798 736.36142 736.33646 736.3131 736.29137 736.2713 736.2529 736.23618 736.22116 736.20787 736.1963 736.18646 736.17838 736.17204 736.16746 736.16463 736.16355 736.16423 736.16664 736.17078 736.17665 736.18422 736.19348 736.20441 736.21698 736.23117 736.24695 736.2643 736.28317 736.30354 736.32535 736.34858 736.37318 736.3991 736.4263 736.45472 736.48431 736.51502 736.54679 736.57957 736.61329 736.64789 736.68331 736.71949 736.75637 736.79386 736.83192 736.87047 736.90945 736.94877 736.98839
737.0492 737.01556 736.98329 736.95244 736.92302 736.89507 736.86861 736.84367 736.82027 736.79843 736.77818 736.75954 736.74253 736.72715 736.71344 736.70139 736.69103 736.68236 736.67538 736.67011 736.66654 736.66467 736.6645 736.66603 736.66924 736.67413 736.68067 736.68886 736.69868 736.71009 736.72308 736.73762 736.75367 736.77121 736.79019 736.81057 736.83232 736.85539 736.87973 736.90528 736.93201 736.95985 736.98875 737.01865 737.04949 737.08122 737.11376 737.14705 737.18104 737.21565 737.25082 737.28648 737.32257 737.35902 737.39577 737.43274 737.46987 737.50711 737.54437 737.5816
737.4061 737.37844 737.35221 737.32744 737.30417 737.2824 737.26217 737.2435 737.22641 737.21092 737.19704 737.1848 737.1742 737.16526 737.15799 737.1524 737.14848 737.14625 737.1457 737.14682 737.14962 737.15409 737.16021 737.16797 737.17735 737.18833 737.20089 737.21499 737.23062 737.24773 737.2663 737.28627 737.30761 737.33027 737.35421 737.37936 737.40569 737.43312 737.4616 737.49107 737.52147 737.55273 737.58478 737.61756 737.651 737.68502 737.71956 737.75455 737.7899 737.82556 737.86146 737.89751 737.93365 737.96982 738.00594 738.04196 738.07779 738.1134 738.1487 738.18364
737.76452 737.74289 737.72274 737.70412 737.68703 737.67151 737.65757 737.64523 737.63452 737.62544 737.61802 737.61225 737.60816 737.60574 737.60501 737.60596 737.60859 737.6129 737.61888 737.62653 737.63582 737.64674 737.65928 737.67341 737.6891 737.70632 737.72504 737.74521 737.76681 737.78979 737.81409 737.83967 737.86647 737.89444 737.92351 737.95361 737.98469 738.01668 738.0495 738.08307 738.11733 738.1522 738.18759 738.22344 738.25965 738.29616 738.33287 738.36972 738.40662 738.44349 738.48026 738.51686 738.5532 738.58923 738.62486 738.66004 738.6947 738.72878 738.76222 738.79497
738.12444 738.10887 738.09486 738.08243 738.07159 738.06237 738.05479 738.04886 738.0446 738.04201 738.04111 738.04191 738.04441 738.04861 738.05451 738.06211 738.0714 738.08237 738.09501 738.1093 738.12522 738.14274 738.16183 738.18247 738.20462 738.22824 738.25328 738.2797 738.30745 738.33646 738.36668 738.39805 738.43051 738.46397 738.49836 738.53362 738.56966 738.6064 738.64375 738.68163 738.71996 738.75863 738.79757 738.83668 738.87586 738.91504 738.95413 738.99302 739.03164 739.0699 739.10771 739.14501 739.18171 739.21773 739.253 739.28747 739.32106 739.35372 739.3854 739.41603
738.4858 738.47636 738.46853 738.46235 738.45783 738.45498 738.45382 738.45437 738.45663 738.46062 738.46634 738.47379 738.48298 738.4939 738.50655 738.52091 738.53698 738.55473 738.57415 738.59522 738.6179 738.64217 738.66798 738.69529 738.72407 738.75425 738.78579 738.81863 738.85271 738.88795 738.92429 738.96166 738.99996 739.03913 739.07907 739.11969 739.1609 739.20261 739.24472 739.28712 739.32973 739.37243 739.41512 739.4577 739.50008 739.54214 739.58378 739.62491 739.66544 739.70527 739.7443 739.78246 739.81966 739.85583 739.89088 739.92476 739.9574 739.98874 740.01874 740.04734
738.84856 738.8453 738.84372 738.84385 738.8457 738.84929 738.85463 738.86174 738.87061 738.88126 738.89369 738.9079 738.92388 738.94163 738.96113 738.98238 739.00535 739.03003 739.05637 739.08436 739.11396 739.14513 739.17782 739.21198 739.24755 739.28449 739.32272 739.36218 739.40279 739.44447 739.48714 739.53071 739.57509 739.62018 739.66589 739.71211 739.75873 739.80564 739.85274 739.89991 739.94703 739.99398 740.04067 740.08695 740.13273 740.17789 740.22231 740.26589 740.30852 740.3501 740.39053 740.42973 740.46759 740.50404 740.53901 740.57243 740.60422 740.63435 740.66275 740.68938
739.21269 739.21566 739.22039 739.22689 739.23519 739.24529 739.25721 739.27095 739.28652 739.30393 739.32316 739.34423 739.36712 739.39181 739.4183 739.44656 739.47658 739.50831 739.54173 739.5768 739.61348 739.65172 739.69146 739.73265 739.77522 739.8191 739.86423 739.91051 739.95787 740.00621 740.05544 740.10545 740.15614 740.20741 740.25913 740.31119 740.36347 740.41584 740.46818 740.52036 740.57225 740.62371 740.67463 740.72486 740.77428 740.82277 740.87019 740.91643 740.96138 741.00491 741.04693 741.08733 741.12603 741.16292 741.19794 741.23102 741.26208 741.29108 741.31797 741.3427
739.57812 739.58739 739.59848 739.61143 739.62625 739.64294 739.66151 739.68198 739.70435 739.72861 739.75476 739.78279 739.8127 739.84446 739.87807 739.91348 739.95067 739.98962 740.03027 740.07259 740.11652 740.16201 740.209 740.25741 740.30718 740.35823 740.41046 740.4638 740.51814 740.57338 740.6294 740.68611 740.74337 740.80106 740.85906 740.91723 740.97544 741.03354 741.09139 741.14886 741.20578 741.26202 741.31744 741.37188 741.4252 741.47726 741.52792 741.57706 741.62454 741.67024 741.71404 741.75584 741.79554 741.83303 741.86824 741.9011 741.93154 741.95951 741.98496 742.00785
739.94482 739.96043 739.97797 739.99743 740.01884 740.0422 740.06752 740.0948 740.12406 740.15528 740.18845 740.22357 740.26062 740.29959 740.34044 740.38315 740.42768 740.474 740.52205 740.57179 740.62316 740.6761 740.73053 740.78638 740.84356 740.90199 740.96157 741.0222 741.08377 741.14616 741.20925 741.27292 741.33702 741.40143 741.46599 741.53055 741.59497 741.6591 741.72275 741.78579 741.84805 741.90935 741.96955 742.02847 742.08596 742.14187 742.19603 742.24831 742.29856 742.34664 742.39244 742.43583 742.4767 742.51495 742.55051 742.58328 742.61321 742.64023 742.66431 742.68542
740.31271 740.33474 740.35878 740.38483 740.41291 740.44302 740.47518 740.50938 740.54563 740.58391 740.62422 740.66655 740.71088 740.75718 740.80543 740.85559 740.90762 740.96147 741.01711 741.07446 741.13346 741.19405 741.25613 741.31964 741.38447 741.45053 741.5177 741.58588 741.65494 741.72476 741.7952 741.86611 741.93735 742.00876 742.08018 742.15145 742.2224 742.29285 742.36263 742.43156 742.49945 742.56613 742.63141 742.69512 742.75707 742.8171 742.87504 742.93072 742.98399 743.0347 743.08271 743.12789 743.17013 743.20931 743.24536 743.27817 743.30769 743.33386 743.35665 743.37602
740.68174 740.71026 740.74087 740.77359 740.80842 740.84537 740.88446 740.92567 740.96901 741.01448 741.06205 741.11172 741.16345 741.21723 741.27303 741.3308 741.39049 741.45207 741.51547 741.58063 741.64747 741.71592 741.7859 741.85729 741.93002 742.00395 742.07899 742.15499 742.23183 742.30936 742.38744 742.4659 742.54459 742.62333 742.70194 742.78025 742.85806 742.93518 743.01141 743.08656 743.16043 743.23281 743.30351 743.37232 743.43905 743.50351 743.56551 743.62487 743.68143 743.73501 743.78547 743.83266 743.87646 743.91676 743.95344 743.98643 744.01566 744.04107 744.06262 744.08029
741.05185 741.08692 741.12417 741.16363 741.2053 741.24919 741.2953 741.34363 741.39418 741.44694 741.5019 741.55903 741.61832 741.67973 741.74323 741.80878 741.87632 741.94581 742.01717 742.09034 742.16524 742.24179 742.31988 742.39942 742.48029 742.56238 742.64555 742.72967 742.81459 742.90015 742.98618 743.07253 743.159 743.24541 743.33156 743.41725 743.50228 743.58642 743.66947 743.75121 743.83141 743.90985 743.98631 744.06057 744.13242 744.20163 744.26801 744.33136 744.39149 744.44821 744.50137 744.5508 744.59637 744.63796 744.67545 744.70875 744.7378 744.76253 744.78291 744.79891
741.42295 741.46464 741.50862 741.5549 741.60349 741.65441 741.70764 741.7632 741.82107 741.88125 741.94372 742.00846 742.07545 742.14465 742.21602 742.28952 742.36509 742.44268 742.52222 742.60362 742.68681 742.77169 742.85815 742.9461 743.0354 743.12592 743.21753 743.31007 743.40338 743.49729 743.59163 743.68621 743.78082 743.87526 743.96932 744.06278 744.1554 744.24696 744.33721 744.42592 744.51284 744.59773 744.68033 744.76041 744.83773 744.91205 744.98315 745.05081 745.11481 745.17497 745.23109 745.28301 745.33057 745.37364 745.4121 745.44586 745.47484 745.49898 745.51824 745.5326
741.79499 741.84337 741.89414 741.94733 742.00293 742.06096 742.12142 742.18431 742.24963 742.31735 742.38747 742.45997 742.5348 742.61195 742.69137 742.773 742.8568 742.9427 743.03062 743.12048 743.2122 743.30566 743.40077 743.49739 743.5954 743.69467 743.79502 743.89631 743.99836 744.10098 744.20398 744.30715 744.41028 744.51315 744.61552 744.71714 744.81777 744.91716 745.01503 745.11113 745.20518 745.29692 745.38608 745.47238 745.55556 745.63537 745.71155 745.78386 745.85207 745.91596 745.97534 746.03 746.07979 746.12455 746.16417 746.19853 746.22755 746.25118 746.26937 746.28213
742.16786 742.22301 742.28066 742.34083 742.40354 742.46879 742.53658 742.60691 742.67979 742.75519 742.83309 742.91349 742.99633 743.0816 743.16924 743.2592 743.35142 743.44584 743.54237 743.64093 743.74142 743.84374 743.94776 744.05336 744.16039 744.2687 744.37814 744.48852 744.59966 744.71136 744.8234 744.93557 745.04763 745.15934 745.27043 745.38066 745.48974 745.59739 745.70333 745.80727 745.9089 746.00794 746.10408 746.19704 746.28651 746.37221 746.45386 746.5312 746.60397 746.67193 746.73486 746.79255 746.84481 746.89149 746.93244 746.96756 746.99675 747.01995 747.03713 747.04828
742.54149 742.60347 742.66808 742.73532 742.80522 742.87779 742.95302 743.03092 743.11147 743.19468 743.28052 743.36896 743.45998 743.55353 743.64958 743.74807 743.84892 743.95208 744.05746 744.16497 744.2745 744.38594 744.49916 744.61403 744.7304 744.84811 744.96698 745.08681 745.20742 745.32859 745.45008 745.57167 745.69309 745.81407 745.93436 746.05364 746.17164 746.28804 746.40252 746.51478 746.62448 746.73129 746.8349 746.93496 747.03117 747.12321 747.21076 747.29354 747.37125 747.44364 747.51045 747.57147 747.62647 747.6753 747.71779 747.75382 747.7833 747.80616 747.82237 747.83192
742.91579 742.98467 743.05631 743.13072 743.2079 743.28789 743.37066 743.45624 743.54461 743.63575 743.72967 743.82631 743.92567 744.0277 744.13234 744.23955 744.34926 744.46139 744.57585 744.69256 744.8114 744.93226 745.05499 745.17946 745.3055 745.43295 745.56161 745.69129 745.82177 745.95282 746.08419 746.21564 746.34687 746.47762 746.60757 746.73641 746.86383 746.98948 747.11303 747.23412 747.35239 747.4675 747.57908 747.68677 747.79021 747.88905 747.98296 748.07161 748.15468 748.23189 748.30294 748.3676 748.42564 748.47686 748.5211 748.55822 748.58811 748.61072 748.626 748.63395
743.29064 743.36651 743.44526 743.52691 743.61148 743.69898 743.78941 743.88278 743.97909 744.07832 744.18045 744.28547 744.39333 744.50401 744.61744 744.73359 744.85236 744.9737 745.09751 745.22369 745.35212 745.48269 745.61524 745.74964 745.88571 746.02326 746.16211 746.30203 746.4428 746.58418 746.72589 746.86766 747.00921 747.15021 747.29034 747.42927 747.56664 747.7021 747.83526 747.96574 748.09316 748.21711 748.33721 748.45306 748.56427 748.67044 748.77121 748.8662 748.95508 749.03752 749.11321 749.18187 749.24325 749.29714 749.34335 749.38173 749.41217 749.4346 749.44899 749.45533
743.66596 743.74887 743.83481 743.9238 744.01584 744.11096 744.20916 744.31045 744.41482 744.52227 744.63277 744.74632 744.86286 744.98238 745.10481 745.2301 745.35818 745.48896 745.62237 745.7583 745.89662 746.0372 746.17991 746.32458 746.47104 746.61909 746.76853 746.91912 747.07062 747.22278 747.37531 747.52792 747.68029 747.83208 747.98295 748.13252 748.28043 748.42627 748.56964 748.71012 748.84727 748.98068 749.1099 749.2345 749.35405 749.46811 749.57627 749.67814 749.77331 749.86144 749.94218 750.01522 750.08028 750.13712 750.18555 750.22538 750.25651 750.27885 750.29238 750.2971
744.04162 744.13166 744.22486 744.32126 744.42087 744.52371 744.62979 744.73912 744.85169 744.9675 745.08653 745.20876 745.33417 745.46271 745.59433 745.72899 745.8666 746.00709 746.15037 746.29632 746.44483 746.59576 746.74896 746.90427 747.0615 747.22045 747.38089 747.5426 747.70531 747.86874 748.0326 748.19656 748.3603 748.52345 748.68564 748.84647 749.00553 749.16239 749.3166 749.46772 749.61527 749.75877 749.89776 750.03175 750.16026 750.28282 750.39898 750.50827 750.61028 750.70459 750.79084 750.86867 750.93778 750.99789 751.04879 751.09029 751.12225 751.14459 751.15728 751.16033
744.4175 744.51473 744.61529 744.71919 744.82646 744.93712 745.05119 745.16867 745.28957 745.41388 745.54159 745.67268 745.80712 745.94488 746.08591 746.23016 746.37754 746.52799 746.68141 746.83768 746.99669 747.1583 747.32235 747.48867 747.65706 747.82733 747.99923 748.17251 748.34691 748.52213 748.69785 748.87374 749.04943 749.22455 749.39868 749.57141 749.74227 749.91082 750.07657 750.23902 750.39766 750.55197 750.70143 750.8455 750.98366 751.11539 751.24017 751.35751 751.46693 751.56798 751.66023 751.74331 751.81686 751.88059 751.93425 751.97762 752.01057 752.033 752.04487 752.04622
