Data/yield_cf.tif
NCOLS 166
NROWS 297
XLLCORNER 97.345192
YLLCORNER 5.6160421
DX 0.04996348
DY 0.049990468
NODATA_VALUE -9999
[rows 182 to 207 of 297, columns 0 to 59 of 166]
3685.1787 3684.9687 3684.7552 3684.5381 3684.3174 3684.0931 3683.8652 3683.6337 3683.3986 3683.1599 3682.9176 3682.6717 3682.4222 3682.1691 3681.9125 3681.6523 3681.3885 3681.1213 3680.8506 3680.5764 3680.2988 3680.0178 3679.7334 3679.4458 3679.1548 3678.8606 3678.5633 3678.2628 3677.9592 3677.6526 3677.3431 3677.0306 3676.7152 3676.3971 3676.0763 3675.7527 3675.4266 3675.0979 3674.7668 3674.4332 3674.0973 3673.7591 3673.4187 3673.0761 3672.7315 3672.3847 3672.036 3671.6853 3671.3327 3670.9783 3670.6221 3670.2641 3669.9044 3669.543 3669.1799 3668.8151 3668.4487 3668.0807 3667.711 3667.3396
3684.9873 3684.7783 3684.5659 3684.3499 3684.1305 3683.9075 3683.681 3683.451 3683.2174 3682.9804 3682.7398 3682.4956 3682.248 3681.9969 3681.7422 3681.4841 3681.2226 3680.9576 3680.6892 3680.4175 3680.1424 3679.8639 3679.5822 3679.2973 3679.0091 3678.7178 3678.4234 3678.1258 3677.8253 3677.5218 3677.2154 3676.9061 3676.594 3676.2791 3675.9616 3675.6414 3675.3187 3674.9934 3674.6657 3674.3356 3674.0031 3673.6684 3673.3315 3672.9923 3672.6511 3672.3078 3671.9625 3671.6152 3671.266 3670.915 3670.562 3670.2073 3669.8508 3669.4926 3669.1326 3668.7709 3668.4074 3668.0423 3667.6754 3667.3068
3684.799 3684.5911 3684.3797 3684.165 3683.9467 3683.7251 3683.5 3683.2714 3683.0394 3682.8039 3682.565 3682.3226 3682.0768 3681.8276 3681.575 3681.3189 3681.0595 3680.7968 3680.5307 3680.2613 3679.9886 3679.7127 3679.4336 3679.1513 3678.8658 3678.5773 3678.2857 3677.9911 3677.6935 3677.393 3677.0896 3676.7834 3676.4745 3676.1628 3675.8485 3675.5316 3675.2121 3674.8902 3674.5658 3674.239 3673.9099 3673.5785 3673.245 3672.9092 3672.5713 3672.2314 3671.8894 3671.5454 3671.1995 3670.8517 3670.502 3670.1504 3669.7971 3669.4419 3669.0849 3668.7262 3668.3657 3668.0034 3667.6393 3667.2734
3684.6139 3684.407 3684.1967 3683.9831 3683.7661 3683.5457 3683.322 3683.0949 3682.8643 3682.6305 3682.3932 3682.1526 3681.9086 3681.6613 3681.4106 3681.1566 3680.8993 3680.6387 3680.3749 3680.1078 3679.8375 3679.5641 3679.2875 3679.0077 3678.7249 3678.4391 3678.1503 3677.8585 3677.5638 3677.2662 3676.9658 3676.6626 3676.3567 3676.0482 3675.737 3675.4232 3675.107 3674.7882 3674.4671 3674.1435 3673.8177 3673.4896 3673.1593 3672.8268 3672.4922 3672.1554 3671.8167 3671.476 3671.1332 3670.7886 3670.442 3670.0936 3669.7433 3669.3911 3669.0371 3668.6813 3668.3236 3667.9641 3667.6028 3667.2395
3684.4318 3684.2259 3684.0167 3683.8042 3683.5885 3683.3694 3683.147 3682.9213 3682.6923 3682.46 3682.2244 3681.9855 3681.7433 3681.4978 3681.249 3680.997 3680.7418 3680.4834 3680.2217 3679.9569 3679.689 3679.4179 3679.1438 3678.8666 3678.5864 3678.3032 3678.017 3677.728 3677.4361 3677.1414 3676.8439 3676.5436 3676.2407 3675.9352 3675.627 3675.3164 3675.0032 3674.6876 3674.3695 3674.0492 3673.7265 3673.4016 3673.0744 3672.7451 3672.4137 3672.0801 3671.7445 3671.4069 3671.0673 3670.7258 3670.3823 3670.0369 3669.6896 3669.3404 3668.9893 3668.6363 3668.2815 3667.9247 3667.5661 3667.2055
3684.2527 3684.0478 3683.8397 3683.6284 3683.4138 3683.196 3682.975 3682.7507 3682.5232 3682.2924 3682.0584 3681.8212 3681.5807 3681.3371 3681.0902 3680.8402 3680.587 3680.3306 3680.0712 3679.8086 3679.5429 3679.2742 3679.0025 3678.7278 3678.4501 3678.1694 3677.8859 3677.5996 3677.3104 3677.0185 3676.7238 3676.4264 3676.1264 3675.8238 3675.5186 3675.211 3674.9008 3674.5882 3674.2733 3673.956 3673.6364 3673.3146 3672.9905 3672.6643 3672.3359 3672.0055 3671.673 3671.3384 3671.0019 3670.6633 3670.3228 3669.9804 3669.636 3669.2897 3668.9415 3668.5914 3668.2393 3667.8853 3667.5293 3667.1714
3684.0765 3683.8726 3683.6656 3683.4554 3683.2421 3683.0255 3682.8058 3682.583 3682.3569 3682.1277 3681.8953 3681.6597 3681.421 3681.1791 3680.9342 3680.686 3680.4348 3680.1805 3679.9232 3679.6628 3679.3994 3679.1329 3678.8636 3678.5912 3678.316 3678.0379 3677.757 3677.4733 3677.1868 3676.8975 3676.6056 3676.311 3676.0139 3675.7141 3675.4118 3675.1071 3674.7998 3674.4902 3674.1783 3673.864 3673.5474 3673.2286 3672.9075 3672.5844 3672.259 3671.9316 3671.6021 3671.2705 3670.937 3670.6014 3670.2638 3669.9243 3669.5828 3669.2394 3668.894 3668.5466 3668.1973 3667.846 3667.4927 3667.1373
3683.9031 3683.7003 3683.4943 3683.2853 3683.0731 3682.8579 3682.6395 3682.418 3682.1934 3681.9657 3681.7349 3681.501 3681.264 3681.0239 3680.7807 3680.5345 3680.2852 3680.033 3679.7777 3679.5194 3679.2582 3678.994 3678.727 3678.457 3678.1842 3677.9086 3677.6301 3677.349 3677.0651 3676.7785 3676.4893 3676.1974 3675.903 3675.606 3675.3066 3675.0047 3674.7003 3674.3936 3674.0845 3673.7732 3673.4595 3673.1437 3672.8256 3672.5053 3672.183 3671.8585 3671.5319 3671.2033 3670.8726 3670.54 3670.2053 3669.8686 3669.53 3669.1893 3668.8467 3668.5021 3668.1555 3667.8069 3667.4562 3667.1035
3683.7326 3683.5308 3683.3259 3683.118 3682.907 3682.693 3682.4759 3682.2558 3682.0327 3681.8065 3681.5772 3681.3449 3681.1096 3680.8712 3680.6299 3680.3855 3680.1382 3679.8879 3679.6346 3679.3785 3679.1194 3678.8574 3678.5926 3678.325 3678.0545 3677.7813 3677.5054 3677.2267 3676.9453 3676.6613 3676.3747 3676.0855 3675.7938 3675.4996 3675.2029 3674.9038 3674.6022 3674.2983 3673.9921 3673.6836 3673.3728 3673.0598 3672.7446 3672.4273 3672.1078 3671.7862 3671.4625 3671.1368 3670.809 3670.4791 3670.1473 3669.8134 3669.4776 3669.1397 3668.7999 3668.458 3668.1141 3667.7681 3667.4201 3667.07
3683.5648 3683.364 3683.1602 3682.9534 3682.7436 3682.5309 3682.3151 3682.0964 3681.8746 3681.6499 3681.4222 3681.1915 3680.9578 3680.7212 3680.4816 3680.2391 3679.9936 3679.7453 3679.494 3679.2399 3678.9829 3678.7232 3678.4606 3678.1952 3677.927 3677.6562 3677.3826 3677.1064 3676.8275 3676.5461 3676.262 3675.9754 3675.6864 3675.3948 3675.1008 3674.8044 3674.5056 3674.2044 3673.901 3673.5953 3673.2873 3672.9771 3672.6648 3672.3503 3672.0336 3671.7148 3671.394 3671.071 3670.7461 3670.419 3670.09 3669.7589 3669.4258 3669.0907 3668.7535 3668.4143 3668.0731 3667.7298 3667.3844 3667.0369
3683.3997 3683.1999 3682.9972 3682.7915 3682.5829 3682.3714 3682.1569 3681.9395 3681.7192 3681.4959 3681.2697 3681.0406 3680.8086 3680.5736 3680.3358 3680.0951 3679.8515 3679.605 3679.3558 3679.1037 3678.8488 3678.5911 3678.3307 3678.0675 3677.8017 3677.5331 3677.2619 3676.9881 3676.7117 3676.4327 3676.1511 3675.8671 3675.5806 3675.2916 3675.0002 3674.7065 3674.4104 3674.1119 3673.8112 3673.5082 3673.203 3672.8956 3672.586 3672.2743 3671.9604 3671.6444 3671.3263 3671.0061 3670.6839 3670.3597 3670.0333 3669.705 3669.3746 3669.0422 3668.7078 3668.3712 3668.0327 3667.692 3667.3492 3667.0043
3683.2372 3683.0384 3682.8368 3682.6322 3682.4248 3682.2145 3682.0013 3681.7853 3681.5663 3681.3445 3681.1198 3680.8923 3680.6618 3680.4286 3680.1924 3679.9535 3679.7117 3679.4672 3679.2198 3678.9697 3678.7169 3678.4613 3678.203 3677.942 3677.6784 3677.4121 3677.1432 3676.8717 3676.5977 3676.3211 3676.042 3675.7605 3675.4765 3675.1901 3674.9013 3674.6101 3674.3166 3674.0209 3673.7228 3673.4225 3673.12 3672.8153 3672.5084 3672.1993 3671.8882 3671.5749 3671.2596 3670.9421 3670.6226 3670.3011 3669.9775 3669.6518 3669.3242 3668.9944 3668.6626 3668.3288 3667.9929 3667.6548 3667.3147 3666.9723
3683.0774 3682.8796 3682.679 3682.4756 3682.2693 3682.0602 3681.8483 3681.6336 3681.416 3681.1956 3680.9724 3680.7464 3680.5176 3680.2859 3680.0515 3679.8143 3679.5744 3679.3317 3679.0862 3678.8381 3678.5872 3678.3336 3678.0774 3677.8186 3677.5571 3677.2931 3677.0264 3676.7573 3676.4856 3676.2114 3675.9347 3675.6556 3675.3741 3675.0902 3674.8039 3674.5153 3674.2244 3673.9312 3673.6357 3673.3381 3673.0382 3672.7361 3672.4319 3672.1255 3671.8171 3671.5065 3671.1938 3670.8791 3670.5623 3670.2434 3669.9225 3669.5995 3669.2745 3668.9474 3668.6182 3668.287 3667.9537 3667.6183 3667.2808 3666.9411
3682.9201 3682.7233 3682.5237 3682.3214 3682.1163 3681.9084 3681.6978 3681.4844 3681.2682 3681.0492 3680.8275 3680.6029 3680.3757 3680.1457 3679.9129 3679.6775 3679.4393 3679.1984 3678.9548 3678.7086 3678.4597 3678.2081 3677.954 3677.6972 3677.4379 3677.176 3676.9116 3676.6447 3676.3753 3676.1034 3675.8291 3675.5524 3675.2733 3674.9919 3674.7081 3674.422 3674.1336 3673.8429 3673.55 3673.255 3672.9577 3672.6582 3672.3566 3672.0529 3671.747 3671.4391 3671.1291 3670.817 3670.5028 3670.1866 3669.8683 3669.548 3669.2256 3668.9011 3668.5746 3668.246 3667.9154 3667.5826 3667.2476 3666.9105
3682.7653 3682.5695 3682.371 3682.1698 3681.9658 3681.7591 3681.5497 3681.3376 3681.1228 3680.9052 3680.6849 3680.4619 3680.2362 3680.0078 3679.7767 3679.5429 3679.3065 3679.0674 3678.8257 3678.5813 3678.3343 3678.0848 3677.8326 3677.5779 3677.3207 3677.061 3676.7987 3676.534 3676.2669 3675.9973 3675.7253 3675.4509 3675.1742 3674.8952 3674.6138 3674.3302 3674.0443 3673.7561 3673.4657 3673.1732 3672.8785 3672.5816 3672.2825 3671.9814 3671.6781 3671.3728 3671.0654 3670.7559 3670.4443 3670.1307 3669.8151 3669.4974 3669.1776 3668.8558 3668.5319 3668.2059 3667.8778 3667.5476 3667.2153 3666.8808
3682.6129 3682.4181 3682.2207 3682.0206 3681.8178 3681.6123 3681.4041 3681.1933 3680.9798 3680.7636 3680.5447 3680.3232 3680.099 3679.8722 3679.6427 3679.4106 3679.1759 3678.9386 3678.6987 3678.4562 3678.2111 3677.9635 3677.7133 3677.4607 3677.2055 3676.9479 3676.6878 3676.4252 3676.1603 3675.8929 3675.6232 3675.3512 3675.0768 3674.8001 3674.5211 3674.2399 3673.9564 3673.6707 3673.3828 3673.0928 3672.8005 3672.5062 3672.2097 3671.9111 3671.6104 3671.3076 3671.0028 3670.6959 3670.3869 3670.0759 3669.7628 3669.4477 3669.1305 3668.8113 3668.49 3668.1666 3667.8411 3667.5135 3667.1838 3666.8519
3682.463 3682.2692 3682.0728 3681.8738 3681.6721 3681.4678 3681.2609 3681.0513 3680.8391 3680.6243 3680.4069 3680.1868 3679.9641 3679.7389 3679.511 3679.2806 3679.0475 3678.8119 3678.5738 3678.3331 3678.0899 3677.8442 3677.596 3677.3453 3677.0922 3676.8366 3676.5787 3676.3183 3676.0555 3675.7904 3675.5229 3675.2531 3674.981 3674.7066 3674.43 3674.1511 3673.8701 3673.5868 3673.3013 3673.0137 3672.724 3672.4321 3672.1381 3671.842 3671.5438 3671.2436 3670.9413 3670.6369 3670.3305 3670.022 3669.7115 3669.399 3669.0844 3668.7677 3668.449 3668.1282 3667.8053 3667.4803 3667.1532 3666.824
3682.3154 3682.1226 3681.9273 3681.7293 3681.5288 3681.3257 3681.1199 3680.9116 3680.7008 3680.4873 3680.2713 3680.0527 3679.8315 3679.6078 3679.3815 3679.1527 3678.9213 3678.6875 3678.4511 3678.2122 3677.9708 3677.727 3677.4807 3677.232 3676.9809 3676.7273 3676.4714 3676.2131 3675.9525 3675.6895 3675.4242 3675.1567 3674.8868 3674.6148 3674.3404 3674.0639 3673.7852 3673.5043 3673.2212 3672.936 3672.6487 3672.3593 3672.0677 3671.7741 3671.4784 3671.1807 3670.8809 3670.579 3670.2752 3669.9692 3669.6613 3669.3513 3669.0392 3668.7251 3668.409 3668.0908 3667.7705 3667.4481 3667.1236 3666.7969
3682.1702 3681.9784 3681.7841 3681.5872 3681.3878 3681.1858 3680.9813 3680.7743 3680.5647 3680.3526 3680.1379 3679.9208 3679.7011 3679.4789 3679.2542 3679.0269 3678.7972 3678.5651 3678.3304 3678.0933 3677.8538 3677.6118 3677.3674 3677.1206 3676.8714 3676.6199 3676.366 3676.1098 3675.8513 3675.5904 3675.3273 3675.0619 3674.7943 3674.5245 3674.2524 3673.9782 3673.7018 3673.4232 3673.1425 3672.8597 3672.5748 3672.2878 3671.9987 3671.7075 3671.4143 3671.119 3670.8217 3670.5223 3670.2209 3669.9175 3669.6121 3669.3046 3668.9951 3668.6836 3668.37 3668.0543 3667.7366 3667.4168 3667.0949 3666.7709
3682.0273 3681.8365 3681.6431 3681.4473 3681.249 3681.0482 3680.8449 3680.6392 3680.4309 3680.2201 3680.0068 3679.7911 3679.5728 3679.3521 3679.1289 3678.9033 3678.6752 3678.4447 3678.2118 3677.9764 3677.7387 3677.4985 3677.256 3677.0111 3676.7639 3676.5143 3676.2624 3676.0082 3675.7518 3675.4931 3675.2321 3674.9689 3674.7034 3674.4358 3674.166 3673.894 3673.6199 3673.3436 3673.0653 3672.7848 3672.5022 3672.2176 3671.9309 3671.6421 3671.3513 3671.0585 3670.7636 3670.4667 3670.1678 3669.8669 3669.564 3669.259 3668.952 3668.643 3668.332 3668.0189 3667.7038 3667.3865 3667.0672 3666.7458
3681.8866 3681.6968 3681.5045 3681.3097 3681.1125 3680.9129 3680.7108 3680.5062 3680.2992 3680.0898 3679.8779 3679.6635 3679.4467 3679.2275 3679.0058 3678.7818 3678.5553 3678.3265 3678.0952 3677.8616 3677.6256 3677.3872 3677.1465 3676.9035 3676.6582 3676.4106 3676.1607 3675.9085 3675.654 3675.3974 3675.1385 3674.8774 3674.6141 3674.3487 3674.0811 3673.8113 3673.5395 3673.2655 3672.9894 3672.7113 3672.431 3672.1487 3671.8644 3671.578 3671.2896 3670.9992 3670.7068 3670.4123 3670.1159 3669.8174 3669.517 3669.2145 3668.91 3668.6036 3668.2951 3667.9845 3667.6719 3667.3573 3667.0406 3666.7218
3681.7481 3681.5593 3681.368 3681.1743 3680.9782 3680.7797 3680.5788 3680.3755 3680.1697 3679.9616 3679.751 3679.5381 3679.3227 3679.1049 3678.8848 3678.6623 3678.4374 3678.2102 3677.9806 3677.7487 3677.5144 3677.2778 3677.0389 3676.7978 3676.5543 3676.3086 3676.0607 3675.8105 3675.558 3675.3034 3675.0466 3674.7876 3674.5264 3674.2631 3673.9977 3673.7302 3673.4605 3673.1888 3672.915 3672.6391 3672.3612 3672.0812 3671.7992 3671.5152 3671.2292 3670.9411 3670.6511 3670.3591 3670.0651 3669.7691 3669.4711 3669.1711 3668.8691 3668.5652 3668.2592 3667.9512 3667.6412 3667.3291 3667.015 3666.6988
3681.6119 3681.424 3681.2337 3681.0411 3680.8461 3680.6487 3680.449 3680.2469 3680.0424 3679.8355 3679.6263 3679.4147 3679.2008 3678.9845 3678.7658 3678.5448 3678.3215 3678.0959 3677.8679 3677.6377 3677.4051 3677.1703 3676.9332 3676.6939 3676.4523 3676.2085 3675.9624 3675.7142 3675.4637 3675.2111 3674.9563 3674.6994 3674.4403 3674.1792 3673.9159 3673.6505 3673.383 3673.1135 3672.8419 3672.5683 3672.2927 3672.015 3671.7353 3671.4537 3671.17 3670.8843 3670.5967 3670.307 3670.0155 3669.7219 3669.4263 3669.1288 3668.8293 3668.5279 3668.2244 3667.9189 3667.6115 3667.302 3666.9905 3666.6769
3681.4777 3681.2908 3681.1016 3680.91 3680.7161 3680.5198 3680.3213 3680.1204 3679.9171 3679.7115 3679.5036 3679.2934 3679.0809 3678.866 3678.6488 3678.4294 3678.2076 3677.9835 3677.7572 3677.5286 3677.2978 3677.0647 3676.8294 3676.5918 3676.352 3676.1101 3675.8659 3675.6196 3675.3711 3675.1205 3674.8677 3674.6128 3674.3558 3674.0967 3673.8356 3673.5723 3673.307 3673.0397 3672.7703 3672.499 3672.2256 3671.9502 3671.6728 3671.3934 3671.112 3670.8287 3670.5434 3670.2562 3669.967 3669.6759 3669.3827 3669.0877 3668.7907 3668.4917 3668.1907 3667.8878 3667.5829 3667.2759 3666.967 3666.6561
3681.3457 3681.1598 3680.9715 3680.781 3680.5882 3680.393 3680.1956 3679.9959 3679.7939 3679.5896 3679.383 3679.1741 3678.963 3678.7495 3678.5338 3678.3158 3678.0956 3677.8731 3677.6484 3677.4214 3677.1923 3676.9609 3676.7273 3676.4915 3676.2536 3676.0134 3675.7712 3675.5267 3675.2802 3675.0315 3674.7807 3674.5278 3674.2729 3674.0159 3673.7568 3673.4957 3673.2325 3672.9673 3672.7001 3672.431 3672.1598 3671.8866 3671.6115 3671.3344 3671.0554 3670.7744 3670.4915 3670.2066 3669.9198 3669.631 3669.3403 3669.0477 3668.7531 3668.4566 3668.1581 3667.8577 3667.5553 3667.251 3666.9446 3666.6363
3681.2157 3681.0308 3680.8435 3680.6541 3680.4623 3680.2683 3680.072 3679.8735 3679.6727 3679.4697 3679.2644 3679.0568 3678.847 3678.635 3678.4207 3678.2042 3677.9855 3677.7646 3677.5415 3677.3161 3677.0886 3676.8589 3676.627 3676.393 3676.1568 3675.9185 3675.6781 3675.4355 3675.1909 3674.9441 3674.6953 3674.4444 3674.1915 3673.9365 3673.6795 3673.4205 3673.1594 3672.8964 3672.6314 3672.3644 3672.0954 3671.8245 3671.5516 3671.2768 3671 3670.7213 3670.4407 3670.1582 3669.8737 3669.5873 3669.299 3669.0088 3668.7167 3668.4227 3668.1267 3667.8288 3667.5289 3667.2271 3666.9234 3666.6176
