Data/yield_sc.tif
NCOLS 166
NROWS 297
XLLCORNER 97.345192
YLLCORNER 5.6160421
DX 0.04996348
DY 0.049990468
NODATA_VALUE -9999
[rows 0 to 25 of 297, columns 60 to 119 of 166]
713.35169 713.56237 713.77417 713.98694 714.20057 714.41491 714.62984 714.84522 715.0609 715.27675 715.49261 715.70835 715.9238 716.13883 716.35328 716.56701 716.77985 716.99167 717.2023 717.4116 717.61942 717.82561 718.03003 718.23252 718.43295 718.63118 718.82706 719.02046 719.21125 719.39931 719.5845 719.7667 719.9458 720.12168 720.29424 720.46338 720.62898 720.79097 720.94925 721.10374 721.25436 721.40104 721.54372 721.68233 721.81683 721.94716 722.07328 722.19515 722.31275 722.42606 722.53504 722.6397 722.74002 722.836 722.92765 723.01498 723.098 723.17673 723.2512 723.32144
713.33759 713.5526 713.76878 713.98601 714.20417 714.4231 714.64267 714.86274 715.08315 715.30377 715.52443 715.74499 715.96529 716.18518 716.40449 716.62308 716.84078 717.05744 717.27289 717.48699 717.69957 717.91049 718.11958 718.32671 718.5317 718.73443 718.93475 719.13252 719.32759 719.51983 719.70912 719.89532 720.07832 720.258 720.43424 720.60693 720.77598 720.94129 721.10276 721.26031 721.41386 721.56334 721.70867 721.8498 721.98667 722.11923 722.24743 722.37125 722.49065 722.6056 722.7161 722.82212 722.92366 723.02072 723.11331 723.20144 723.28512 723.36438 723.43925 723.50975
713.32147 713.54092 713.76162 713.98345 714.20627 714.42993 714.65429 714.8792 715.1045 715.33004 715.55566 715.78121 716.00652 716.23142 716.45577 716.67938 716.9021 717.12377 717.34421 717.56327 717.78078 717.99659 718.21052 718.42243 718.63216 718.83955 719.04445 719.24672 719.44622 719.6428 719.83632 720.02666 720.21369 720.39729 720.57733 720.7537 720.9263 721.09503 721.2598 721.4205 721.57707 721.72942 721.87748 722.02119 722.16049 722.29533 722.42567 722.55147 722.67271 722.78934 722.90137 723.00877 723.11154 723.20969 723.30321 723.39213 723.47647 723.55624 723.63148 723.70222
713.30321 713.52723 713.75259 713.97916 714.20679 714.43533 714.66462 714.89453 715.12487 715.3555 715.58625 715.81695 716.04743 716.27753 716.50707 716.73589 716.9638 717.19065 717.41626 717.64045 717.86306 718.08392 718.30287 718.51973 718.73435 718.94656 719.15622 719.36315 719.56723 719.76829 719.9662 720.16081 720.352 720.53965 720.72361 720.90379 721.08006 721.25232 721.42048 721.58443 721.7441 721.89941 722.05027 722.19663 722.33843 722.47562 722.60814 722.73597 722.85907 722.97742 723.091 723.19979 723.30381 723.40304 723.4975 723.5872 723.67217 723.75243 723.82802 723.89897
713.28267 713.5114 713.74156 713.97301 714.2056 714.43917 714.67357 714.90863 715.14419 715.38008 715.61612 715.85215 716.08799 716.32345 716.55837 716.79257 717.02586 717.25807 717.48902 717.71853 717.94642 718.17252 718.39665 718.61864 718.83832 719.05553 719.2701 719.48187 719.69068 719.89638 720.09882 720.29786 720.49336 720.68518 720.87321 721.05731 721.23736 721.41327 721.58493 721.75224 721.9151 722.07345 722.2272 722.37629 722.52065 722.66024 722.795 722.9249 723.0499 723.16999 723.28514 723.39535 723.50061 723.60093 723.69632 723.7868 723.87238 723.95311 724.02902 724.10014
713.25972 713.4933 713.72841 713.96489 714.2026 714.44137 714.68104 714.92143 715.16237 715.40369 715.64521 715.88675 716.12812 716.36915 716.60963 716.8494 717.08826 717.32602 717.5625 717.79751 718.03087 718.26239 718.49189 718.7192 718.94413 719.1665 719.38616 719.60293 719.81665 720.02715 720.23428 720.4379 720.63786 720.83401 721.02623 721.21438 721.39835 721.57803 721.75329 721.92406 722.09022 722.2517 722.40842 722.56031 722.7073 722.84934 722.98639 723.11841 723.24535 723.36721 723.48396 723.59559 723.70211 723.80352 723.89984 723.99107 724.07726 724.15843 724.23462 724.30588
713.23422 713.47279 713.713 713.95468 714.19767 714.44181 714.68691 714.93281 715.17932 715.42626 715.67345 715.92069 716.16779 716.41456 716.66081 716.90635 717.15097 717.39448 717.63669 717.8774 718.11642 718.35356 718.58863 718.82144 719.0518 719.27954 719.50447 719.72642 719.94521 720.16069 720.37268 720.58104 720.78561 720.98624 721.18279 721.37514 721.56316 721.74672 721.92571 722.10004 722.2696 722.43431 722.59408 722.74885 722.89854 723.04311 723.1825 723.31667 723.44559 723.56925 723.68762 723.8007 723.90848 724.01098 724.10821 724.20019 724.28695 724.36853 724.44498 724.51633
713.206 713.44973 713.6952 713.94224 714.19068 714.44036 714.69108 714.94268 715.19494 715.4477 715.70074 715.95388 716.20692 716.45964 716.71186 716.96337 717.21396 717.46343 717.71158 717.9582 718.20309 718.44605 718.68689 718.9254 719.1614 719.39469 719.62508 719.8524 720.07646 720.29709 720.51412 720.72738 720.93672 721.14199 721.34304 721.53972 721.73192 721.91949 722.10234 722.28035 722.45341 722.62144 722.78436 722.94208 723.09455 723.2417 723.38348 723.51986 723.65081 723.77629 723.8963 724.01083 724.11989 724.22347 724.3216 724.41431 724.50163 724.58359 724.66025 724.73166
713.17492 713.42395 713.67484 713.92742 714.1815 714.4369 714.69343 714.95091 715.20914 715.46791 715.72702 715.98627 716.24544 716.50434 716.76274 717.02043 717.27721 717.53285 717.78716 718.0399 718.29088 718.53988 718.7867 719.03113 719.27296 719.51201 719.74807 719.98095 720.21047 720.43644 720.65869 720.87704 721.09133 721.30139 721.50708 721.70826 721.90477 722.09651 722.28333 722.46513 722.64181 722.81327 722.97942 723.14019 723.2955 723.4453 723.58954 723.72818 723.86118 723.98852 724.11019 724.22619 724.33651 724.44118 724.54021 724.63363 724.72147 724.80378 724.88061 724.95202
713.14078 713.39529 713.65178 713.91007 714.16996 714.43128 714.69383 714.9574 715.22178 715.48678 715.75217 716.01775 716.28329 716.54857 716.81338 717.07749 717.34068 717.60273 717.86341 718.12251 718.3798 718.63506 718.88809 719.13865 719.38655 719.63157 719.8735 720.11216 720.34734 720.57885 720.8065 721.03012 721.24954 721.46457 721.67508 721.8809 722.08189 722.27792 722.46885 722.65458 722.83499 723.00998 723.17946 723.34336 723.50159 723.65411 723.80086 723.9418 724.0769 724.20613 724.32948 724.44696 724.55856 724.6643 724.76421 724.85831 724.94665 725.02927 725.10623 725.17759
713.10341 713.36357 713.62583 713.89002 714.15593 714.42337 714.69213 714.962 715.23277 715.50421 715.77611 716.04825 716.32038 716.59229 716.86374 717.1345 717.40435 717.67303 717.94034 718.20602 718.46986 718.73162 718.99108 719.24801 719.5022 719.75342 720.00145 720.2461 720.48715 720.72441 720.95767 721.18676 721.41149 721.63168 721.84717 722.0578 722.26342 722.46389 722.65908 722.84886 723.03312 723.21175 723.38467 723.55178 723.71302 723.86833 724.01765 724.16094 724.29818 724.42933 724.55438 724.67335 724.78623 724.89304 724.9938 725.08857 725.17737 725.26025 725.33729 725.40855
713.0626 713.32859 713.59682 713.86711 714.13924 714.41301 714.6882 714.96459 715.24197 715.52009 715.79873 716.07766 716.35663 716.63541 716.91375 717.19141 717.46816 717.74374 718.01791 718.29043 718.56107 718.82958 719.09572 719.35926 719.61997 719.87762 720.13199 720.38286 720.63001 720.87323 721.11231 721.34707 721.57731 721.80285 722.02351 722.23913 722.44955 722.65462 722.8542 723.04817 723.2364 723.41879 723.59524 723.76567 723.93001 724.08817 724.24013 724.38582 724.52523 724.65833 724.78511 724.90557 725.01972 725.12759 725.2292 725.32459 725.41382 725.49693 725.57399 725.64507
713.01814 713.29015 713.56455 713.84114 714.1197 714.40002 714.68187 714.96502 715.24924 715.53429 715.81992 716.10589 716.39195 716.67785 716.96334 717.24817 717.53207 717.8148 718.09611 718.37573 718.65343 718.92894 719.20202 719.47243 719.73992 720.00426 720.2652 720.52253 720.77601 721.02542 721.27055 721.5112 721.74716 721.97824 722.20427 722.42506 722.64044 722.85028 723.05441 723.25271 723.44505 723.63132 723.81142 723.98526 724.15276 724.31387 724.46852 724.61667 724.75829 724.89337 725.02189 725.14385 725.25928 725.36819 725.47062 725.56661 725.65621 725.73949 725.81652 725.88737
712.96981 713.24804 713.52881 713.81191 714.09713 714.38423 714.67297 714.96313 715.25444 715.54666 715.83955 716.13283 716.42625 716.71954 717.01245 717.30471 717.59605 717.88621 718.17492 718.46192 718.74694 719.02973 719.31002 719.58756 719.8621 720.13338 720.40116 720.6652 720.92525 721.1811 721.43252 721.67928 721.92118 722.15802 722.38961 722.61576 722.8363 723.05107 723.25991 723.46269 723.65927 723.84955 724.03341 724.21077 724.38153 724.54565 724.70306 724.85372 724.9976 725.13468 725.26496 725.38843 725.50513 725.61506 725.71828 725.81483 725.90477 725.98817 726.0651 726.13564
712.91736 713.20201 713.48937 713.77922 714.07132 714.36544 714.66133 714.95874 715.25741 715.55708 715.85749 716.15835 716.45941 716.76038 717.06099 717.36097 717.66003 717.9579 718.25431 718.54897 718.84161 719.13196 719.41975 719.7047 719.98656 720.26506 720.53995 720.81096 721.07786 721.3404 721.59834 721.85146 722.09954 722.34236 722.57972 722.81144 723.03732 723.25721 723.47093 723.67834 723.87932 724.07373 724.26147 724.44244 724.61657 724.78378 724.94401 725.09723 725.24341 725.38252 725.51457 725.63956 725.75752 725.86846 725.97244 726.06951 726.15974 726.24318 726.31994 726.3901
712.86054 713.15182 713.44599 713.74282 714.04206 714.34346 714.64676 714.95169 715.25799 715.56539 715.8736 716.18234 716.49132 716.80026 717.10888 717.41687 717.72396 718.02985 718.33425 718.63687 718.93744 719.23565 719.53123 719.8239 720.11337 720.39938 720.68166 720.95993 721.23394 721.50344 721.76817 722.0279 722.28239 722.53143 722.77479 723.01229 723.24372 723.46891 723.68769 723.89991 724.10543 724.30411 724.49586 724.68056 724.85813 725.02852 725.19165 725.34748 725.49599 725.63717 725.771 725.89751 726.01671 726.12864 726.23335 726.33089 726.42134 726.50478 726.58129 726.65097
712.79906 713.0972 713.39843 713.70248 714.00911 714.31805 714.62903 714.94178 715.256 715.57142 715.88773 716.20465 716.52187 716.83909 717.15602 717.47235 717.78778 718.102 718.41471 718.72562 719.03441 719.34081 719.64449 719.94518 720.24258 720.53641 720.82637 721.1122 721.39361 721.67035 721.94215 722.20875 722.46992 722.72543 722.97503 723.21853 723.45573 723.68642 723.91045 724.12764 724.33786 724.54096 724.73684 724.92538 725.10651 725.28015 725.44624 725.60475 725.75564 725.8989 726.03453 726.16255 726.28299 726.39588 726.50127 726.59924 726.68985 726.7732 726.84938 726.9185
712.73262 713.03787 713.3464 713.65794 713.97223 714.289 714.60795 714.9288 715.25125 715.57499 715.89972 716.22514 716.55092 716.87675 717.20232 717.52731 717.85141 718.1743 718.49566 718.81518 719.13254 719.44744 719.75956 720.0686 720.37425 720.67621 720.97419 721.26788 721.557 721.84128 722.12044 722.3942 722.66232 722.92455 723.18065 723.4304 723.67358 723.90999 724.13946 724.36181 724.5769 724.78457 724.98471 725.17722 725.362 725.53898 725.70811 725.86934 726.02265 726.16802 726.30546 726.43499 726.55664 726.67046 726.77649 726.87483 726.96553 727.04872 727.12447 727.19293
712.66092 712.97351 713.2896 713.60891 713.93115 714.25603 714.58326 714.91253 715.24352 715.57592 715.9094 716.24365 716.57833 716.91311 717.24767 717.58167 717.91479 718.24669 718.57704 718.90553 719.23181 719.55556 719.87647 720.1942 720.50844 720.81888 721.12519 721.42708 721.72424 722.01638 722.3032 722.58443 722.85979 723.12902 723.39188 723.64813 723.89753 724.13989 724.37501 724.60271 724.82284 725.03524 725.23979 725.43638 725.62492 725.80534 725.97757 726.14158 726.29734 726.44485 726.58411 726.71514 726.83798 726.95269 727.05932 727.15795 727.24868 727.3316 727.40684 727.47452
712.58359 712.9038 713.22773 713.55509 713.88558 714.2189 714.55472 714.89274 715.23261 715.57401 715.91659 716.26002 716.60395 716.94804 717.29195 717.63532 717.97782 718.31911 718.65882 718.99664 719.3322 719.66518 719.99523 720.32202 720.64522 720.96449 721.2795 721.58993 721.89547 722.1958 722.49062 722.77962 723.06253 723.33907 723.60896 723.87198 724.12786 724.3764 724.61739 724.85065 725.076 725.29329 725.5024 725.7032 725.89561 726.07955 726.25497 726.42181 726.58007 726.72973 726.87081 727.00333 727.12734 727.24289 727.35005 727.44892 727.53959 727.62216 727.69677 727.76354
712.50028 712.82838 713.16044 713.49616 713.83522 714.17729 714.52206 714.86917 715.21828 715.56903 715.92108 716.27406 716.62762 716.9814 717.33504 717.68817 718.04043 718.39148 718.74095 719.08847 719.43371 719.77629 720.11588 720.45211 720.78463 721.11311 721.43719 721.75654 722.07082 722.3797 722.68286 722.97998 723.27077 723.55492 723.83216 724.10222 724.36486 724.61983 724.86693 725.10595 725.33672 725.55908 725.77289 725.97804 726.17444 726.36199 726.54066 726.7104 726.87118 727.02302 727.16592 727.29991 727.42506 727.54141 727.64905 727.74807 727.83858 727.9207 727.99456 728.06031
712.41059 712.74687 713.08737 713.43177 713.77973 714.13092 714.48498 714.84155 715.20027 715.56076 715.92266 716.28559 716.64917 717.01303 717.3768 717.74008 718.10252 718.46373 718.82335 719.18099 719.5363 719.8889 720.23842 720.58449 720.92675 721.26484 721.59839 721.92704 722.25045 722.56826 722.88013 723.18573 723.48474 723.77685 724.06175 724.33917 724.60884 724.87051 725.12395 725.36897 725.60536 725.83297 726.05165 726.26129 726.46178 726.65305 726.83505 727.00773 727.17108 727.3251 727.46982 727.60527 727.73151 727.84861 727.95665 728.05574 728.14599 728.22754 728.30052 728.3651
712.31408 712.65885 713.00812 713.36155 713.71877 714.07944 714.44317 714.80959 715.17831 715.54895 715.92111 716.29439 716.66841 717.04277 717.41708 717.79094 718.16397 718.53577 718.90596 719.27415 719.63996 720.00299 720.36287 720.71922 721.07164 721.41975 721.76319 722.10157 722.43451 722.76165 723.08263 723.3971 723.7047 724.00512 724.29802 724.58312 724.86013 725.12878 725.38884 725.64009 725.88232 726.11537 726.33909 726.55335 726.75807 726.95315 727.13854 727.31422 727.48017 727.63639 727.78292 727.9198 728.04709 728.16487 728.27324 728.3723 728.46219 728.54304 728.61501 728.67827
712.2103 712.5639 712.92228 713.28509 713.65196 714.02249 714.3963 714.77298 715.15213 715.53333 715.91618 716.30025 716.68515 717.07044 717.45574 717.84061 718.22467 718.60751 718.98872 719.3679 719.74465 720.11856 720.48925 720.85631 721.21934 721.57794 721.9317 722.28024 722.62316 722.96007 723.29058 723.61432 723.93092 724.24003 724.54131 724.83443 725.1191 725.39504 725.66199 725.91972 726.16802 726.40671 726.63564 726.85468 727.06373 727.26272 727.45159 727.63032 727.79889 727.95732 728.10565 728.24392 728.37221 728.49061 728.59921 728.69815 728.78755 728.86756 728.93837 729.00014
712.09875 712.46151 712.82938 713.20197 713.57888 713.9597 714.34401 714.73139 715.12141 715.51363 715.90761 716.30293 716.69916 717.09585 717.49259 717.88895 718.2845 718.67883 719.07153 719.46216 719.85032 720.23559 720.61756 720.99581 721.36992 721.73947 722.10404 722.46321 722.81658 723.16371 723.5042 723.83766 724.16368 724.48189 724.79194 725.09346 725.38615 725.66969 725.94383 726.20831 726.46291 726.70745 726.94177 727.16574 727.37926 727.58226 727.77468 727.9565 728.12772 728.28836 728.43847 728.5781 728.70733 728.82626 728.935 729.03369 729.12247 729.20151 729.27098 729.33109
711.97888 712.35119 712.72894 713.11172 713.4991 713.89065 714.28592 714.68446 715.08582 715.48953 715.89513 716.30218 716.71022 717.11879 717.52746 717.93578 718.34332 718.74963 719.1543 719.55687 719.95694 720.35406 720.7478 721.13774 721.52343 721.90443 722.28031 722.65062 723.01492 723.37277 723.72374 724.06738 724.40329 724.73106 725.05028 725.36061 725.66168 725.95318 726.23482 726.50633 726.7675 727.01811 727.25801 727.48706 727.70517 727.91227 728.10831 728.29327 728.46716 728.63001 728.78186 728.9228 729.05291 729.17229 729.28106 729.37938 729.4674 729.54529 729.61326 729.6715
